run,tag,regime_id,cycle,phase,n_contacts,edge_fraction,rank,beta1_birth_density,loop_force_share_partial,giant_component_fraction,added_force_fraction
G1_lossy_high_expansion_low_friction,a150_mu010_g020,G1,1,cold,13841,0.01,139,0.4892086330935252,0.0196127498742909,0.0007493443237167,0.0401568116822192
G1_lossy_high_expansion_low_friction,a150_mu010_g020,G1,1,cold,13841,0.02,277,0.483754512635379,0.0348801824818439,0.0009366804046459,0.0720576100388438
G1_lossy_high_expansion_low_friction,a150_mu010_g020,G1,1,cold,13841,0.05,693,0.4906204906204906,0.0753488101618485,0.0014986886474334,0.1537968848773549
G1_lossy_high_expansion_low_friction,a150_mu010_g020,G1,1,cold,13841,0.1,1385,0.4866425992779783,0.1297082429430862,0.0028100412139378,0.2664547006726924
G1_lossy_high_expansion_low_friction,a150_mu010_g020,G1,1,cold,13841,0.2,2769,0.4915131816540267,0.2204453729159776,0.0099288122892469,0.4489238816183018
G1_lossy_high_expansion_low_friction,a150_mu010_g020,G1,1,cold,13841,0.4,5537,0.5262777677442658,0.3663080738539623,0.3570625702510303,0.7109456670442925
G1_lossy_high_expansion_low_friction,a150_mu010_g020,G1,1,cold,13841,0.8,11073,0.6106746139257654,0.5439761802452691,0.7193705507680779,0.9715224369312312
G1_lossy_high_expansion_low_friction,a150_mu010_g020,G1,1,cold,13841,1.0,13841,0.6393324181778773,0.5652004030026888,0.8482577744473586,1.0000000000000004
G1_lossy_high_expansion_low_friction,a150_mu010_g020,G1,1,hot,13059,0.01,131,0.4961832061068702,0.0435971008267705,0.0005990714392691,0.0885566299064974
G1_lossy_high_expansion_low_friction,a150_mu010_g020,G1,1,hot,13059,0.02,262,0.4885496183206106,0.0714562514783603,0.0010483750187209,0.147022739788921
G1_lossy_high_expansion_low_friction,a150_mu010_g020,G1,1,hot,13059,0.05,653,0.4808575803981623,0.1312889359047412,0.0016474464579901,0.2726864430032141
G1_lossy_high_expansion_low_friction,a150_mu010_g020,G1,1,hot,13059,0.1,1306,0.4908116385911179,0.207327278667671,0.0025460536168938,0.4242998292984783
G1_lossy_high_expansion_low_friction,a150_mu010_g020,G1,1,hot,13059,0.2,2612,0.4931087289433384,0.3030310432435923,0.0277070540661973,0.6175776078892072
G1_lossy_high_expansion_low_friction,a150_mu010_g020,G1,1,hot,13059,0.4,5224,0.4952143950995405,0.4091040767087007,0.1478208776396585,0.830453921920098
G1_lossy_high_expansion_low_friction,a150_mu010_g020,G1,1,hot,13059,0.8,10448,0.5188552833078101,0.4940403268373603,0.5059158304627827,0.9877079454527756
G1_lossy_high_expansion_low_friction,a150_mu010_g020,G1,1,hot,13059,1.0,13059,0.5479745769201317,0.5017657880794864,0.6390594578403475,1.0000000000000069
G1_lossy_high_expansion_low_friction,a150_mu010_g020,G1,2,cold,1900,0.01,19,0.4210526315789473,0.0235891654109399,0.0012158054711246,0.0550855718938799
G1_lossy_high_expansion_low_friction,a150_mu010_g020,G1,2,cold,1900,0.02,38,0.4473684210526316,0.0447804971996929,0.0012158054711246,0.0995450134519082
G1_lossy_high_expansion_low_friction,a150_mu010_g020,G1,2,cold,1900,0.05,95,0.4842105263157895,0.1008547172911904,0.0018237082066869,0.2087450805389045
G1_lossy_high_expansion_low_friction,a150_mu010_g020,G1,2,cold,1900,0.1,190,0.4947368421052631,0.1699226483492831,0.0018237082066869,0.3460894999256461
G1_lossy_high_expansion_low_friction,a150_mu010_g020,G1,2,cold,1900,0.2,380,0.4894736842105263,0.2686288723109083,0.0024316109422492,0.5504995433797052
G1_lossy_high_expansion_low_friction,a150_mu010_g020,G1,2,cold,1900,0.4,760,0.4934210526315789,0.3919355829905452,0.0030395136778115,0.7990278088820739
G1_lossy_high_expansion_low_friction,a150_mu010_g020,G1,2,cold,1900,0.8,1520,0.4881578947368421,0.4823741384076062,0.0054711246200607,0.9865072938798496
G1_lossy_high_expansion_low_friction,a150_mu010_g020,G1,2,cold,1900,1.0,1900,0.4968421052631579,0.4891596710408465,0.0066869300911854,0.9999999999999992
G1_lossy_high_expansion_low_friction,a150_mu010_g020,G1,2,hot,8113,0.01,82,0.4878048780487805,0.0855070228988484,0.0007603117278084,0.1758276124476743
G1_lossy_high_expansion_low_friction,a150_mu010_g020,G1,2,hot,8113,0.02,163,0.4969325153374233,0.12740386182681,0.0007603117278084,0.2590453119324211
G1_lossy_high_expansion_low_friction,a150_mu010_g020,G1,2,hot,8113,0.05,406,0.4852216748768473,0.2009754828926076,0.0034214027751378,0.4136757494157189
G1_lossy_high_expansion_low_friction,a150_mu010_g020,G1,2,hot,8113,0.1,812,0.4864532019704433,0.275178506659345,0.0043717924348983,0.5654310962811371
G1_lossy_high_expansion_low_friction,a150_mu010_g020,G1,2,hot,8113,0.2,1623,0.4886013555144793,0.3564583500261581,0.0125451435088386,0.7312209786926506
G1_lossy_high_expansion_low_friction,a150_mu010_g020,G1,2,hot,8113,0.4,3246,0.4867529266789895,0.4338218880606863,0.0306025470442881,0.8910343158105504
G1_lossy_high_expansion_low_friction,a150_mu010_g020,G1,2,hot,8113,0.8,6491,0.4812817747650593,0.482160327483128,0.0655768865234746,0.9929350838202124
G1_lossy_high_expansion_low_friction,a150_mu010_g020,G1,2,hot,8113,1.0,8113,0.5041291753975101,0.4861319931220347,0.0710891465500855,0.999999999999998
G1_lossy_high_expansion_low_friction,a150_mu010_g020,G1,3,cold,3626,0.01,37,0.4864864864864865,0.0262336660526932,0.00078125,0.0540471342230298
G1_lossy_high_expansion_low_friction,a150_mu010_g020,G1,3,cold,3626,0.02,73,0.4520547945205479,0.0428439309037159,0.001171875,0.0934276144608708
G1_lossy_high_expansion_low_friction,a150_mu010_g020,G1,3,cold,3626,0.05,182,0.4725274725274725,0.0904509660280038,0.001171875,0.1904236344645008
G1_lossy_high_expansion_low_friction,a150_mu010_g020,G1,3,cold,3626,0.1,363,0.4820936639118457,0.1546193253614631,0.002734375,0.3206645563675303
G1_lossy_high_expansion_low_friction,a150_mu010_g020,G1,3,cold,3626,0.2,726,0.4903581267217631,0.2532160488324979,0.003515625,0.5184165407387132
G1_lossy_high_expansion_low_friction,a150_mu010_g020,G1,3,cold,3626,0.4,1451,0.4920744314266023,0.377107991851932,0.00703125,0.7691983260099655
G1_lossy_high_expansion_low_friction,a150_mu010_g020,G1,3,cold,3626,0.8,2901,0.4943123061013443,0.483587649170451,0.019140625,0.98314082383919
G1_lossy_high_expansion_low_friction,a150_mu010_g020,G1,3,cold,3626,1.0,3626,0.5033094318808604,0.4921359249742427,0.051953125,0.9999999999999984
G1_lossy_high_expansion_low_friction,a150_mu010_g020,G1,3,hot,21836,0.01,219,0.4794520547945205,0.0330316011191235,0.000516795865633,0.0688534074105527
G1_lossy_high_expansion_low_friction,a150_mu010_g020,G1,3,hot,21836,0.02,437,0.4874141876430206,0.0565541594472334,0.0007751937984496,0.1164207482639971
G1_lossy_high_expansion_low_friction,a150_mu010_g020,G1,3,hot,21836,0.05,1092,0.4853479853479853,0.1093827110218945,0.0024547803617571,0.2253717426190186
G1_lossy_high_expansion_low_friction,a150_mu010_g020,G1,3,hot,21836,0.1,2184,0.4922161172161172,0.1753346528251497,0.0045219638242894,0.3574573000352945
G1_lossy_high_expansion_low_friction,a150_mu010_g020,G1,3,hot,21836,0.2,4368,0.4951923076923077,0.2687349603953897,0.0263565891472868,0.5449682412139505
G1_lossy_high_expansion_low_friction,a150_mu010_g020,G1,3,hot,21836,0.4,8735,0.5219232970807098,0.39601535542876,0.3608527131782946,0.7785958930759986
G1_lossy_high_expansion_low_friction,a150_mu010_g020,G1,3,hot,21836,0.8,17469,0.61068177915164,0.5324995855896361,0.8080103359173126,0.9794589527771846
G1_lossy_high_expansion_low_friction,a150_mu010_g020,G1,3,hot,21836,1.0,21836,0.6586829089576846,0.549398874342601,0.905813953488372,1.000000000000004
G1_lossy_high_expansion_low_friction,a150_mu010_g020,G1,4,cold,1965,0.01,20,0.5,0.0355578109709004,0.0012187690432663,0.0715974594609221
G1_lossy_high_expansion_low_friction,a150_mu010_g020,G1,4,cold,1965,0.02,40,0.45,0.0521629673253052,0.0018281535648994,0.1126991626067123
G1_lossy_high_expansion_low_friction,a150_mu010_g020,G1,4,cold,1965,0.05,99,0.4747474747474747,0.1001891167410667,0.0018281535648994,0.2096448188116641
G1_lossy_high_expansion_low_friction,a150_mu010_g020,G1,4,cold,1965,0.1,197,0.482233502538071,0.1628441093055384,0.0018281535648994,0.3377141703640987
G1_lossy_high_expansion_low_friction,a150_mu010_g020,G1,4,cold,1965,0.2,393,0.4809160305343511,0.255777874409244,0.0024375380865326,0.5307856514616672
G1_lossy_high_expansion_low_friction,a150_mu010_g020,G1,4,cold,1965,0.4,786,0.4910941475826972,0.3778322140492349,0.0036563071297989,0.7739239525510367
G1_lossy_high_expansion_low_friction,a150_mu010_g020,G1,4,cold,1965,0.8,1572,0.4917302798982188,0.4812884396542549,0.0060938452163315,0.9838100337745308
G1_lossy_high_expansion_low_friction,a150_mu010_g020,G1,4,cold,1965,1.0,1965,0.4997455470737914,0.4892380603935453,0.0073126142595978,1.0000000000000002
G1_lossy_high_expansion_low_friction,a150_mu010_g020,G1,4,hot,6361,0.01,64,0.484375,0.084613945580318,0.0006535947712418,0.1746464640103372
G1_lossy_high_expansion_low_friction,a150_mu010_g020,G1,4,hot,6361,0.02,128,0.484375,0.121974626723144,0.0006535947712418,0.2513110350898511
G1_lossy_high_expansion_low_friction,a150_mu010_g020,G1,4,hot,6361,0.05,319,0.4796238244514106,0.1874744029901919,0.0015250544662309,0.387935014817688
G1_lossy_high_expansion_low_friction,a150_mu010_g020,G1,4,hot,6361,0.1,637,0.4866562009419152,0.2563143755871498,0.0015250544662309,0.5265614531680285
G1_lossy_high_expansion_low_friction,a150_mu010_g020,G1,4,hot,6361,0.2,1273,0.4854673998428908,0.33747617993603,0.0015250544662309,0.6934790054456578
G1_lossy_high_expansion_low_friction,a150_mu010_g020,G1,4,hot,6361,0.4,2545,0.4833005893909626,0.4235439851862132,0.0030501089324618,0.8706565846512656
G1_lossy_high_expansion_low_friction,a150_mu010_g020,G1,4,hot,6361,0.8,5089,0.4822165454902731,0.4813830787353843,0.0174291938997821,0.991408104319942
G1_lossy_high_expansion_low_friction,a150_mu010_g020,G1,4,hot,6361,1.0,6361,0.5000786039930829,0.4860017770423926,0.0305010893246187,1.000000000000006
G1_lossy_high_expansion_low_friction,a150_mu010_g020,G1,5,cold,6606,0.01,67,0.4925373134328358,0.0217045286327399,0.0008134490238611,0.044246719514782
G1_lossy_high_expansion_low_friction,a150_mu010_g020,G1,5,cold,6606,0.02,133,0.4887218045112781,0.0386694940853912,0.0008134490238611,0.0793278966042798
G1_lossy_high_expansion_low_friction,a150_mu010_g020,G1,5,cold,6606,0.05,331,0.4833836858006042,0.0814567807231302,0.0013557483731019,0.16863088348269
G1_lossy_high_expansion_low_friction,a150_mu010_g020,G1,5,cold,6606,0.1,661,0.4856278366111952,0.1417130422692772,0.0021691973969631,0.2920987198331543
G1_lossy_high_expansion_low_friction,a150_mu010_g020,G1,5,cold,6606,0.2,1322,0.4931921331316187,0.2374998962665767,0.0043383947939262,0.4839111560528653
G1_lossy_high_expansion_low_friction,a150_mu010_g020,G1,5,cold,6606,0.4,2643,0.492622020431328,0.3645902422059537,0.0363340563991323,0.742976469905626
G1_lossy_high_expansion_low_friction,a150_mu010_g020,G1,5,cold,6606,0.8,5285,0.5154210028382213,0.4892487228884205,0.3796095444685466,0.978303931478158
G1_lossy_high_expansion_low_friction,a150_mu010_g020,G1,5,cold,6606,1.0,6606,0.5361792310021193,0.5019349851588436,0.5772776572668112,0.9999999999999948
G1_lossy_high_expansion_low_friction,a150_mu010_g020,G1,5,hot,17059,0.01,171,0.4853801169590643,0.0370520409422367,0.0004268639726807,0.0765797702748854
G1_lossy_high_expansion_low_friction,a150_mu010_g020,G1,5,hot,17059,0.02,342,0.4853801169590643,0.062970034017816,0.0005691519635742,0.1299667932464203
G1_lossy_high_expansion_low_friction,a150_mu010_g020,G1,5,hot,17059,0.05,853,0.4865181711606096,0.120267261366156,0.0008537279453614,0.2474914032536054
G1_lossy_high_expansion_low_friction,a150_mu010_g020,G1,5,hot,17059,0.1,1706,0.4900351699882767,0.1888558064743599,0.0017074558907228,0.3863934465238546
G1_lossy_high_expansion_low_friction,a150_mu010_g020,G1,5,hot,17059,0.2,3412,0.4894490035169988,0.2818381635844563,0.0049800796812749,0.576515702309677
G1_lossy_high_expansion_low_friction,a150_mu010_g020,G1,5,hot,17059,0.4,6824,0.4983880422039859,0.3967379661615831,0.0892145702902675,0.8034032303158328
G1_lossy_high_expansion_low_friction,a150_mu010_g020,G1,5,hot,17059,0.8,13648,0.5647713950762017,0.5061412091885984,0.7252418895845191,0.9839815938246932
G1_lossy_high_expansion_low_friction,a150_mu010_g020,G1,5,hot,17059,1.0,17059,0.6149832932762764,0.518710474386625,0.8346613545816733,0.9999999999999972
G1_lossy_high_expansion_low_friction,a150_mu010_g020,G1,6,cold,2042,0.01,21,0.4285714285714285,0.0267471171199254,0.0011648223645894,0.0615986074023569
G1_lossy_high_expansion_low_friction,a150_mu010_g020,G1,6,cold,2042,0.02,41,0.4634146341463415,0.0483903917151142,0.0017472335468841,0.1041978586615666
G1_lossy_high_expansion_low_friction,a150_mu010_g020,G1,6,cold,2042,0.05,103,0.4951456310679611,0.1025897259647317,0.0017472335468841,0.2089671831607341
G1_lossy_high_expansion_low_friction,a150_mu010_g020,G1,6,cold,2042,0.1,205,0.4878048780487805,0.1643648676723724,0.0023296447291788,0.3380378088264738
G1_lossy_high_expansion_low_friction,a150_mu010_g020,G1,6,cold,2042,0.2,409,0.4865525672371638,0.2591694548722622,0.0029120559114735,0.5336216053874099
G1_lossy_high_expansion_low_friction,a150_mu010_g020,G1,6,cold,2042,0.4,817,0.4895960832313341,0.3823408082582667,0.0034944670937682,0.7830116728705198
G1_lossy_high_expansion_low_friction,a150_mu010_g020,G1,6,cold,2042,0.8,1634,0.4883720930232558,0.4808974366531104,0.0069889341875364,0.984090549033188
G1_lossy_high_expansion_low_friction,a150_mu010_g020,G1,6,cold,2042,1.0,2042,0.4965719882468168,0.4887548027147747,0.0081537565521258,1.0000000000000024
G1_lossy_high_expansion_low_friction,a150_mu010_g020,G1,6,hot,6231,0.01,63,0.492063492063492,0.0876266681381256,0.0008882966910948,0.180607084667256
G1_lossy_high_expansion_low_friction,a150_mu010_g020,G1,6,hot,6231,0.02,125,0.488,0.1207619542797587,0.0008882966910948,0.2493264804925477
G1_lossy_high_expansion_low_friction,a150_mu010_g020,G1,6,hot,6231,0.05,312,0.4903846153846153,0.1828028285815161,0.0008882966910948,0.3754048867571203
G1_lossy_high_expansion_low_friction,a150_mu010_g020,G1,6,hot,6231,0.1,624,0.4887820512820512,0.2467818292971423,0.0011103708638685,0.5069472573431638
G1_lossy_high_expansion_low_friction,a150_mu010_g020,G1,6,hot,6231,0.2,1247,0.4907778668805132,0.3301206552814404,0.0013324450366422,0.6766889687378592
G1_lossy_high_expansion_low_friction,a150_mu010_g020,G1,6,hot,6231,0.4,2493,0.4917769755314882,0.4208934773613184,0.0046635576282478,0.861091655456476
G1_lossy_high_expansion_low_friction,a150_mu010_g020,G1,6,hot,6231,0.8,4985,0.4812437311935807,0.4814931700652518,0.0148789695758383,0.9903683005064438
G1_lossy_high_expansion_low_friction,a150_mu010_g020,G1,6,hot,6231,1.0,6231,0.4997592681752528,0.4866673810195852,0.0157672662669331,0.9999999999999986
G1_lossy_high_expansion_low_friction,a150_mu010_g020,G1,7,cold,6016,0.01,61,0.4918032786885246,0.0235247530693716,0.0008398656215005,0.0480462372317484
G1_lossy_high_expansion_low_friction,a150_mu010_g020,G1,7,cold,6016,0.02,121,0.4793388429752066,0.0408226355505271,0.0016797312430011,0.085198585721346
G1_lossy_high_expansion_low_friction,a150_mu010_g020,G1,7,cold,6016,0.05,301,0.4850498338870432,0.0863759684300769,0.0016797312430011,0.1781552008164403
G1_lossy_high_expansion_low_friction,a150_mu010_g020,G1,7,cold,6016,0.1,602,0.4883720930232558,0.1480984870312849,0.0016797312430011,0.3036705326316367
G1_lossy_high_expansion_low_friction,a150_mu010_g020,G1,7,cold,6016,0.2,1204,0.489202657807309,0.2423556274985731,0.0041993281075028,0.4961498075553344
G1_lossy_high_expansion_low_friction,a150_mu010_g020,G1,7,cold,6016,0.4,2407,0.4927295388450353,0.3715305630886867,0.0204367301231802,0.7563005732377392
G1_lossy_high_expansion_low_friction,a150_mu010_g020,G1,7,cold,6016,0.8,4813,0.5057136920839393,0.4869131910511478,0.2267637178051511,0.9802135015973488
G1_lossy_high_expansion_low_friction,a150_mu010_g020,G1,7,cold,6016,1.0,6016,0.5242686170212766,0.4981159392306761,0.4552071668533035,1.000000000000001
G1_lossy_high_expansion_low_friction,a150_mu010_g020,G1,7,hot,17173,0.01,172,0.4825581395348837,0.0363388274947843,0.0004285102128267,0.0754765746636136
G1_lossy_high_expansion_low_friction,a150_mu010_g020,G1,7,hot,17173,0.02,344,0.4854651162790697,0.0625943574684075,0.0005713469504356,0.1292810460765662
G1_lossy_high_expansion_low_friction,a150_mu010_g020,G1,7,hot,17173,0.05,859,0.4877764842840512,0.120962146641998,0.0012855306384802,0.2485821270301385
G1_lossy_high_expansion_low_friction,a150_mu010_g020,G1,7,hot,17173,0.1,1718,0.4871944121071013,0.1887939781843964,0.0014283673760891,0.3879877804623028
G1_lossy_high_expansion_low_friction,a150_mu010_g020,G1,7,hot,17173,0.2,3435,0.4922852983988355,0.2843364976129914,0.0072846736180545,0.5799730836548215
G1_lossy_high_expansion_low_friction,a150_mu010_g020,G1,7,hot,17173,0.4,6870,0.497962154294032,0.3961524487985544,0.114840737037566,0.8026209618766972
G1_lossy_high_expansion_low_friction,a150_mu010_g020,G1,7,hot,17173,0.8,13739,0.5675085522963825,0.5072175638710462,0.7313240965576346,0.9831208431010208
G1_lossy_high_expansion_low_friction,a150_mu010_g020,G1,7,hot,17173,1.0,17173,0.617189774646247,0.5204993003274564,0.8378803028138837,1.000000000000006
G1_lossy_high_expansion_low_friction,a150_mu010_g020,G1,8,cold,1947,0.01,20,0.5,0.0308208612122202,0.0012437810945273,0.0623078113246161
G1_lossy_high_expansion_low_friction,a150_mu010_g020,G1,8,cold,1947,0.02,39,0.4615384615384615,0.0493365802487449,0.0012437810945273,0.1061442999937863
G1_lossy_high_expansion_low_friction,a150_mu010_g020,G1,8,cold,1947,0.05,98,0.4693877551020408,0.0993980291531971,0.001865671641791,0.2105707298506288
G1_lossy_high_expansion_low_friction,a150_mu010_g020,G1,8,cold,1947,0.1,195,0.4871794871794871,0.165501531251641,0.001865671641791,0.3413583238917542
G1_lossy_high_expansion_low_friction,a150_mu010_g020,G1,8,cold,1947,0.2,390,0.4871794871794871,0.2609762073782191,0.0024875621890547,0.5371447499511434
G1_lossy_high_expansion_low_friction,a150_mu010_g020,G1,8,cold,1947,0.4,779,0.4890885750962773,0.38192935185068,0.0031094527363184,0.7831266836489945
G1_lossy_high_expansion_low_friction,a150_mu010_g020,G1,8,cold,1947,0.8,1558,0.4878048780487805,0.480713862729459,0.0062189054726368,0.9837419250844992
G1_lossy_high_expansion_low_friction,a150_mu010_g020,G1,8,cold,1947,1.0,1947,0.4971751412429379,0.4888812926581393,0.0087064676616915,0.9999999999999992
G1_lossy_high_expansion_low_friction,a150_mu010_g020,G1,8,hot,6010,0.01,61,0.4918032786885246,0.0598322446858468,0.0006922011998154,0.1219719823095932
G1_lossy_high_expansion_low_friction,a150_mu010_g020,G1,8,hot,6010,0.02,121,0.4710743801652892,0.0859336341355424,0.0006922011998154,0.179841618882419
G1_lossy_high_expansion_low_friction,a150_mu010_g020,G1,8,hot,6010,0.05,301,0.4850498338870432,0.1507095840808213,0.0006922011998154,0.3103882467817497
G1_lossy_high_expansion_low_friction,a150_mu010_g020,G1,8,hot,6010,0.1,601,0.4875207986688852,0.2225335763523048,0.001153668666359,0.4566751635384379
G1_lossy_high_expansion_low_friction,a150_mu010_g020,G1,8,hot,6010,0.2,1202,0.4916805324459234,0.3160022386753885,0.0013844023996308,0.645608682898225
G1_lossy_high_expansion_low_friction,a150_mu010_g020,G1,8,hot,6010,0.4,2404,0.4858569051580699,0.4139950415529794,0.002307337332718,0.8488967196598323
G1_lossy_high_expansion_low_friction,a150_mu010_g020,G1,8,hot,6010,0.8,4808,0.483153078202995,0.4811197058567359,0.010613751730503,0.9895751193825784
G1_lossy_high_expansion_low_friction,a150_mu010_g020,G1,8,hot,6010,1.0,6010,0.4993344425956739,0.4865573503643536,0.0226119058606368,1.0
G1_lossy_high_expansion_low_friction,a150_mu010_g020,G1,9,cold,7240,0.01,73,0.4794520547945205,0.0220573627485247,0.0007686395080707,0.0461068696133371
G1_lossy_high_expansion_low_friction,a150_mu010_g020,G1,9,cold,7240,0.02,145,0.4827586206896552,0.0401323491476606,0.0010248526774276,0.0832096997098517
G1_lossy_high_expansion_low_friction,a150_mu010_g020,G1,9,cold,7240,0.05,362,0.4834254143646408,0.0851905577855703,0.0017934921854983,0.176214915430961
G1_lossy_high_expansion_low_friction,a150_mu010_g020,G1,9,cold,7240,0.1,724,0.4903314917127072,0.1479282038859984,0.002562131693569,0.3023699467047384
G1_lossy_high_expansion_low_friction,a150_mu010_g020,G1,9,cold,7240,0.2,1448,0.4903314917127072,0.2431990997518274,0.0035869843709966,0.4966566448508962
G1_lossy_high_expansion_low_friction,a150_mu010_g020,G1,9,cold,7240,0.4,2896,0.493439226519337,0.3715763444109697,0.0361260568793236,0.7552981537471725
G1_lossy_high_expansion_low_friction,a150_mu010_g020,G1,9,cold,7240,0.8,5792,0.5229627071823204,0.493362402255265,0.4806559057135536,0.9806623965648767
G1_lossy_high_expansion_low_friction,a150_mu010_g020,G1,9,cold,7240,1.0,7240,0.5482044198895027,0.505264307186809,0.6126056879323597,0.9999999999999986
G1_lossy_high_expansion_low_friction,a150_mu010_g020,G1,9,hot,14118,0.01,142,0.4718309859154929,0.0382973718993354,0.0004689698296076,0.0809728979841243
G1_lossy_high_expansion_low_friction,a150_mu010_g020,G1,9,hot,14118,0.02,283,0.4734982332155477,0.0648772291202576,0.0006252931061435,0.1367491256222875
G1_lossy_high_expansion_low_friction,a150_mu010_g020,G1,9,hot,14118,0.05,706,0.4915014164305949,0.129136642962789,0.0010942629357511,0.2644345782400689
G1_lossy_high_expansion_low_friction,a150_mu010_g020,G1,9,hot,14118,0.1,1412,0.4907932011331444,0.2017081536945511,0.0020322025949663,0.4128960044434323
G1_lossy_high_expansion_low_friction,a150_mu010_g020,G1,9,hot,14118,0.2,2824,0.4907932011331444,0.2974778024033359,0.0046896982960762,0.6081284818825854
G1_lossy_high_expansion_low_friction,a150_mu010_g020,G1,9,hot,14118,0.4,5648,0.4936260623229462,0.4042893787038312,0.0489291855557292,0.8233705239425485
G1_lossy_high_expansion_low_friction,a150_mu010_g020,G1,9,hot,14118,0.8,11295,0.5365205843293492,0.4945536720248251,0.6649992183836173,0.9859957049158476
G1_lossy_high_expansion_low_friction,a150_mu010_g020,G1,9,hot,14118,1.0,14118,0.5859186853661992,0.5050175929087619,0.7725496326403002,1.0000000000000016
G1_lossy_high_expansion_low_friction,a150_mu010_g020,G1,10,cold,2049,0.01,21,0.4285714285714285,0.0339976006996958,0.0011968880909634,0.0775059223927994
G1_lossy_high_expansion_low_friction,a150_mu010_g020,G1,10,cold,2049,0.02,41,0.4390243902439024,0.054513163920804,0.0011968880909634,0.1201453263080886
G1_lossy_high_expansion_low_friction,a150_mu010_g020,G1,10,cold,2049,0.05,103,0.4660194174757281,0.1050642867494162,0.0011968880909634,0.2231733139732699
G1_lossy_high_expansion_low_friction,a150_mu010_g020,G1,10,cold,2049,0.1,205,0.4780487804878048,0.1682602946873503,0.0017953321364452,0.3511203663828641
G1_lossy_high_expansion_low_friction,a150_mu010_g020,G1,10,cold,2049,0.2,410,0.4878048780487805,0.263896480969071,0.0023937761819269,0.5426545631935165
G1_lossy_high_expansion_low_friction,a150_mu010_g020,G1,10,cold,2049,0.4,820,0.4926829268292683,0.3841429338558489,0.0029922202274087,0.785572005466784
G1_lossy_high_expansion_low_friction,a150_mu010_g020,G1,10,cold,2049,0.8,1640,0.4914634146341463,0.4809833379884443,0.0131657690005984,0.9838780932553224
G1_lossy_high_expansion_low_friction,a150_mu010_g020,G1,10,cold,2049,1.0,2049,0.4963396778916544,0.4886931548343515,0.0143626570915619,0.9999999999999988
G1_lossy_high_expansion_low_friction,a150_mu010_g020,G1,10,hot,6326,0.01,64,0.453125,0.052105446057592,0.0004443457009553,0.1124929260290867
G1_lossy_high_expansion_low_friction,a150_mu010_g020,G1,10,hot,6326,0.02,127,0.4960629921259842,0.0876186589775321,0.000666518551433,0.1780160717433193
G1_lossy_high_expansion_low_friction,a150_mu010_g020,G1,10,hot,6326,0.05,317,0.4858044164037854,0.1489683015735117,0.000666518551433,0.3062605437868466
G1_lossy_high_expansion_low_friction,a150_mu010_g020,G1,10,hot,6326,0.1,633,0.4865718799368088,0.2178244379585873,0.001333037102866,0.4475795168135182
G1_lossy_high_expansion_low_friction,a150_mu010_g020,G1,10,hot,6326,0.2,1266,0.490521327014218,0.3112531393558066,0.0017773828038213,0.6366614534396411
G1_lossy_high_expansion_low_friction,a150_mu010_g020,G1,10,hot,6326,0.4,2531,0.4883445278546029,0.4135863587071323,0.002666074205732,0.8464800209254167
G1_lossy_high_expansion_low_friction,a150_mu010_g020,G1,10,hot,6326,0.8,5061,0.4823157478759138,0.4815407875767472,0.0077760497667185,0.9899646589920824
G1_lossy_high_expansion_low_friction,a150_mu010_g020,G1,10,hot,6326,1.0,6326,0.5001580777742649,0.4869188762897773,0.0186625194401244,1.0000000000000069
G1_lossy_high_expansion_low_friction,a150_mu010_g020,G1,11,cold,6927,0.01,70,0.4857142857142857,0.0230230889417465,0.0007729966503478,0.0475021398300167
G1_lossy_high_expansion_low_friction,a150_mu010_g020,G1,11,cold,6927,0.02,139,0.4892086330935252,0.0415566227685767,0.0012883277505797,0.0851763210507659
G1_lossy_high_expansion_low_friction,a150_mu010_g020,G1,11,cold,6927,0.05,347,0.4783861671469741,0.0850529361452268,0.0012883277505797,0.1773255947215465
G1_lossy_high_expansion_low_friction,a150_mu010_g020,G1,11,cold,6927,0.1,693,0.4906204906204906,0.1482807032105897,0.0025766555011594,0.3029728546065166
G1_lossy_high_expansion_low_friction,a150_mu010_g020,G1,11,cold,6927,0.2,1386,0.492063492063492,0.2428262897733404,0.0064416387528987,0.4948846394730833
G1_lossy_high_expansion_low_friction,a150_mu010_g020,G1,11,cold,6927,0.4,2771,0.4940454709491158,0.3693259786634011,0.0162329296573048,0.7503416563874575
G1_lossy_high_expansion_low_friction,a150_mu010_g020,G1,11,cold,6927,0.8,5542,0.5164200649584988,0.491697637940327,0.4390620973975779,0.9803350331329418
G1_lossy_high_expansion_low_friction,a150_mu010_g020,G1,11,cold,6927,1.0,6927,0.537895192724123,0.5035657560946966,0.57124452460706,1.0000000000000024
G1_lossy_high_expansion_low_friction,a150_mu010_g020,G1,11,hot,14857,0.01,149,0.4899328859060403,0.0409284370543397,0.0004566210045662,0.0838979603009889
G1_lossy_high_expansion_low_friction,a150_mu010_g020,G1,11,hot,14857,0.02,298,0.4899328859060403,0.0682523793087247,0.0007610350076103,0.1398870983024592
G1_lossy_high_expansion_low_friction,a150_mu010_g020,G1,11,hot,14857,0.05,743,0.4845222072678331,0.1277481541380671,0.0010654490106544,0.2637110985510267
G1_lossy_high_expansion_low_friction,a150_mu010_g020,G1,11,hot,14857,0.1,1486,0.4919246298788694,0.1995874005069227,0.0021308980213089,0.4078191840510344
G1_lossy_high_expansion_low_friction,a150_mu010_g020,G1,11,hot,14857,0.2,2972,0.4912516823687752,0.2932278340798407,0.0039573820395738,0.5989157877351503
G1_lossy_high_expansion_low_friction,a150_mu010_g020,G1,11,hot,14857,0.4,5943,0.4955409725727747,0.4015199418980146,0.0480974124809741,0.815675891582248
G1_lossy_high_expansion_low_friction,a150_mu010_g020,G1,11,hot,14857,0.8,11886,0.5450950698300522,0.4977737997798774,0.6764079147640791,0.9855326288543776
G1_lossy_high_expansion_low_friction,a150_mu010_g020,G1,11,hot,14857,1.0,14857,0.5923806959682305,0.5085291701407353,0.791476407914764,1.000000000000001
G1_lossy_high_expansion_low_friction,a150_mu010_g020,G1,12,cold,2062,0.01,21,0.4761904761904761,0.0327345393473366,0.0017814726840855,0.068916175858164
G1_lossy_high_expansion_low_friction,a150_mu010_g020,G1,12,cold,2062,0.02,42,0.4761904761904761,0.0559268144253871,0.0017814726840855,0.1179339759724241
G1_lossy_high_expansion_low_friction,a150_mu010_g020,G1,12,cold,2062,0.05,104,0.4903846153846153,0.1137072821685883,0.0017814726840855,0.2335316048031269
G1_lossy_high_expansion_low_friction,a150_mu010_g020,G1,12,cold,2062,0.1,207,0.4879227053140096,0.1788032120452111,0.0017814726840855,0.3677876527281452
G1_lossy_high_expansion_low_friction,a150_mu010_g020,G1,12,cold,2062,0.2,413,0.4842615012106537,0.2699050486291683,0.002375296912114,0.5570691028571978
G1_lossy_high_expansion_low_friction,a150_mu010_g020,G1,12,cold,2062,0.4,825,0.4945454545454545,0.3918020844158912,0.003562945368171,0.7992206091918077
G1_lossy_high_expansion_low_friction,a150_mu010_g020,G1,12,cold,2062,0.8,1650,0.4878787878787878,0.4810883808353027,0.0065320665083135,0.9853667034859838
G1_lossy_high_expansion_low_friction,a150_mu010_g020,G1,12,cold,2062,1.0,2062,0.4961202715809893,0.4884788675524,0.009501187648456,1.0000000000000016
G1_lossy_high_expansion_low_friction,a150_mu010_g020,G1,12,hot,6583,0.01,66,0.4848484848484848,0.0525799589563524,0.0004330879168471,0.1085043684952212
G1_lossy_high_expansion_low_friction,a150_mu010_g020,G1,12,hot,6583,0.02,132,0.4772727272727273,0.0806146180506234,0.0004330879168471,0.1680343528148078
G1_lossy_high_expansion_low_friction,a150_mu010_g020,G1,12,hot,6583,0.05,330,0.4939393939393939,0.1466979645728473,0.0008661758336942,0.2988594743471928
G1_lossy_high_expansion_low_friction,a150_mu010_g020,G1,12,hot,6583,0.1,659,0.4871016691957511,0.2153707595261791,0.0015158077089649,0.4419635986162304
G1_lossy_high_expansion_low_friction,a150_mu010_g020,G1,12,hot,6583,0.2,1317,0.4889901290812452,0.3089119254092439,0.0030316154179298,0.6320683431325476
G1_lossy_high_expansion_low_friction,a150_mu010_g020,G1,12,hot,6583,0.4,2634,0.4893697798025816,0.4108752983721337,0.0067128627111303,0.8398724497514279
G1_lossy_high_expansion_low_friction,a150_mu010_g020,G1,12,hot,6583,0.8,5267,0.4837668501993544,0.4819036472546961,0.0385448245993936,0.9894283958083958
G1_lossy_high_expansion_low_friction,a150_mu010_g020,G1,12,hot,6583,1.0,6583,0.4999240467871791,0.4874199899602199,0.0894326548289302,1.0000000000000064
G1_lossy_high_expansion_low_friction,a150_mu010_g020,G1,13,cold,6891,0.01,69,0.4782608695652174,0.0219454133644057,0.000774393391843,0.0457790029185388
G1_lossy_high_expansion_low_friction,a150_mu010_g020,G1,13,cold,6891,0.02,138,0.4782608695652174,0.03914727384122,0.000774393391843,0.0816742869737329
G1_lossy_high_expansion_low_friction,a150_mu010_g020,G1,13,cold,6891,0.05,345,0.4811594202898551,0.0840572036314149,0.0012906556530717,0.1746111312249685
G1_lossy_high_expansion_low_friction,a150_mu010_g020,G1,13,cold,6891,0.1,690,0.4826086956521739,0.1450815377303554,0.0025813113061435,0.3003223771938433
G1_lossy_high_expansion_low_friction,a150_mu010_g020,G1,13,cold,6891,0.2,1379,0.4902102973168963,0.2422746874166585,0.0064532782653588,0.4955557882351603
G1_lossy_high_expansion_low_friction,a150_mu010_g020,G1,13,cold,6891,0.4,2757,0.4951033732317736,0.3732930519360271,0.0203923593185338,0.7575445568754011
G1_lossy_high_expansion_low_friction,a150_mu010_g020,G1,13,cold,6891,0.8,5513,0.5144204607291856,0.4903950102129307,0.431853381517811,0.9800272087897164
G1_lossy_high_expansion_low_friction,a150_mu010_g020,G1,13,cold,6891,1.0,6891,0.535771295893194,0.5020547462786594,0.5707279297883324,1.0000000000000056
G1_lossy_high_expansion_low_friction,a150_mu010_g020,G1,13,hot,13946,0.01,140,0.4642857142857143,0.0393323613634431,0.0006259780907668,0.0840021218188883
G1_lossy_high_expansion_low_friction,a150_mu010_g020,G1,13,hot,13946,0.02,279,0.4946236559139785,0.0694442646509805,0.0006259780907668,0.1413692577701733
G1_lossy_high_expansion_low_friction,a150_mu010_g020,G1,13,hot,13946,0.05,698,0.4785100286532951,0.128362889836015,0.0010954616588419,0.2674689962320258
G1_lossy_high_expansion_low_friction,a150_mu010_g020,G1,13,hot,13946,0.1,1395,0.489605734767025,0.202384617024168,0.0018779342723004,0.4148175453425613
G1_lossy_high_expansion_low_friction,a150_mu010_g020,G1,13,hot,13946,0.2,2790,0.4899641577060932,0.2964449789445473,0.0046948356807511,0.6069113234177244
G1_lossy_high_expansion_low_friction,a150_mu010_g020,G1,13,hot,13946,0.4,5579,0.4939953396666069,0.4042499313186777,0.0413145539906103,0.8234616138506553
G1_lossy_high_expansion_low_friction,a150_mu010_g020,G1,13,hot,13946,0.8,11157,0.5345522990051089,0.4942962438985364,0.6358372456964007,0.985523244995439
G1_lossy_high_expansion_low_friction,a150_mu010_g020,G1,13,hot,13946,1.0,13946,0.5810985228739424,0.5048578619221648,0.7699530516431925,0.9999999999999992
G1_lossy_high_expansion_low_friction,a150_mu010_g020,G1,14,cold,2074,0.01,21,0.4761904761904761,0.0285957512132235,0.0011883541295306,0.0605510882041618
G1_lossy_high_expansion_low_friction,a150_mu010_g020,G1,14,cold,2074,0.02,42,0.4761904761904761,0.0485565313219181,0.0011883541295306,0.1024359311221432
G1_lossy_high_expansion_low_friction,a150_mu010_g020,G1,14,cold,2074,0.05,104,0.4903846153846153,0.0985171308601561,0.0011883541295306,0.2028150582440558
G1_lossy_high_expansion_low_friction,a150_mu010_g020,G1,14,cold,2074,0.1,208,0.4759615384615384,0.1612209749867809,0.0023767082590612,0.3388161563726388
G1_lossy_high_expansion_low_friction,a150_mu010_g020,G1,14,cold,2074,0.2,415,0.4867469879518072,0.2655237514837835,0.0035650623885918,0.5467792075505801
G1_lossy_high_expansion_low_friction,a150_mu010_g020,G1,14,cold,2074,0.4,830,0.4927710843373494,0.3914487092240164,0.005941770647653,0.7994928982442524
G1_lossy_high_expansion_low_friction,a150_mu010_g020,G1,14,cold,2074,0.8,1660,0.4927710843373494,0.482892943908879,0.0065359477124183,0.9862831383003584
G1_lossy_high_expansion_low_friction,a150_mu010_g020,G1,14,cold,2074,1.0,2074,0.4990356798457088,0.4896435393094617,0.0083184789067142,1.0000000000000004
G1_lossy_high_expansion_low_friction,a150_mu010_g020,G1,14,hot,6534,0.01,66,0.4696969696969697,0.048522465050922,0.0004361098996947,0.102812797074801
G1_lossy_high_expansion_low_friction,a150_mu010_g020,G1,14,hot,6534,0.02,131,0.4732824427480916,0.0770702889225629,0.000654164849542,0.1621962996905183
G1_lossy_high_expansion_low_friction,a150_mu010_g020,G1,14,hot,6534,0.05,327,0.4862385321100917,0.1409902927296825,0.000654164849542,0.2908918306102468
G1_lossy_high_expansion_low_friction,a150_mu010_g020,G1,14,hot,6534,0.1,654,0.4847094801223242,0.2107917695051472,0.0010902747492368,0.4345564589580485
G1_lossy_high_expansion_low_friction,a150_mu010_g020,G1,14,hot,6534,0.2,1307,0.4873756694720734,0.3035946424505101,0.0017444395987788,0.6236157501977082
G1_lossy_high_expansion_low_friction,a150_mu010_g020,G1,14,hot,6534,0.4,2614,0.4912012241775057,0.4096581064420266,0.0061055385957261,0.837580548664452
G1_lossy_high_expansion_low_friction,a150_mu010_g020,G1,14,hot,6534,0.8,5228,0.4831675592960979,0.4806661625463376,0.0165721761883994,0.9883651446579363
G1_lossy_high_expansion_low_friction,a150_mu010_g020,G1,14,hot,6534,1.0,6534,0.4996939087848179,0.4868041255456992,0.057348451809856,0.9999999999999954
G1_lossy_high_expansion_low_friction,a150_mu010_g020,G1,15,cold,6521,0.01,66,0.4696969696969697,0.0220927733756397,0.0010770059235325,0.0470496335264767
G1_lossy_high_expansion_low_friction,a150_mu010_g020,G1,15,cold,6521,0.02,131,0.4809160305343511,0.0406467152330165,0.0010770059235325,0.0846691205697903
G1_lossy_high_expansion_low_friction,a150_mu010_g020,G1,15,cold,6521,0.05,327,0.4862385321100917,0.0856231999715796,0.0013462574044157,0.1765730977323318
G1_lossy_high_expansion_low_friction,a150_mu010_g020,G1,15,cold,6521,0.1,653,0.4915773353751914,0.1471136950871821,0.001884760366182,0.3005592286031157
G1_lossy_high_expansion_low_friction,a150_mu010_g020,G1,15,cold,6521,0.2,1305,0.4919540229885057,0.2421387713027243,0.0045772751750134,0.4943406049130159
G1_lossy_high_expansion_low_friction,a150_mu010_g020,G1,15,cold,6521,0.4,2609,0.4955921809122269,0.3713116076703776,0.0172320947765212,0.7540123385332791
G1_lossy_high_expansion_low_friction,a150_mu010_g020,G1,15,cold,6521,0.8,5217,0.5087214874448917,0.4870381183097289,0.3774905761981691,0.9788434046905012
G1_lossy_high_expansion_low_friction,a150_mu010_g020,G1,15,cold,6521,1.0,6521,0.5302867658334611,0.4991054965168012,0.561389337641357,0.9999999999999994
G1_lossy_high_expansion_low_friction,a150_mu010_g020,G1,15,hot,14396,0.01,144,0.4861111111111111,0.0369837070435811,0.0004704406460718,0.0763314375016374
G1_lossy_high_expansion_low_friction,a150_mu010_g020,G1,15,hot,14396,0.02,288,0.4756944444444444,0.0615100983982859,0.0004704406460718,0.1290669107550745
G1_lossy_high_expansion_low_friction,a150_mu010_g020,G1,15,hot,14396,0.05,720,0.4833333333333333,0.1219697089429874,0.0010976948408342,0.2527755868192513
G1_lossy_high_expansion_low_friction,a150_mu010_g020,G1,15,hot,14396,0.1,1440,0.4881944444444444,0.1946154101391501,0.0012545083895248,0.3997505294514428
G1_lossy_high_expansion_low_friction,a150_mu010_g020,G1,15,hot,14396,0.2,2880,0.4930555555555556,0.2903797344827523,0.0028226438764309,0.592658177160577
G1_lossy_high_expansion_low_friction,a150_mu010_g020,G1,15,hot,14396,0.4,5759,0.4929675290849106,0.3980445277403137,0.0283832523129998,0.8113410784723126
G1_lossy_high_expansion_low_friction,a150_mu010_g020,G1,15,hot,14396,0.8,11517,0.5444126074498568,0.4968352051023577,0.6584600909518582,0.984227743414994
G1_lossy_high_expansion_low_friction,a150_mu010_g020,G1,15,hot,14396,1.0,14396,0.5921089191442067,0.508703272100122,0.7864199466833934,1.0000000000000024
G1_lossy_high_expansion_low_friction,a150_mu010_g020,G1,16,cold,1906,0.01,20,0.45,0.0334590772211929,0.0012554927809165,0.0728683122392672
G1_lossy_high_expansion_low_friction,a150_mu010_g020,G1,16,cold,1906,0.02,39,0.4615384615384615,0.0547916460762751,0.0012554927809165,0.1174713045190308
G1_lossy_high_expansion_low_friction,a150_mu010_g020,G1,16,cold,1906,0.05,96,0.4895833333333333,0.1094993919355358,0.0018832391713747,0.2248875762028949
G1_lossy_high_expansion_low_friction,a150_mu010_g020,G1,16,cold,1906,0.1,191,0.4869109947643979,0.1742476593238734,0.002510985561833,0.3587377902020324
G1_lossy_high_expansion_low_friction,a150_mu010_g020,G1,16,cold,1906,0.2,382,0.4869109947643979,0.2665875262370754,0.002510985561833,0.5483602097598723
G1_lossy_high_expansion_low_friction,a150_mu010_g020,G1,16,cold,1906,0.4,763,0.4901703800786369,0.3844689660756796,0.005021971123666,0.787601659190629
G1_lossy_high_expansion_low_friction,a150_mu010_g020,G1,16,cold,1906,0.8,1525,0.4904918032786885,0.4813015111550814,0.0087884494664155,0.9837632698015638
G1_lossy_high_expansion_low_friction,a150_mu010_g020,G1,16,cold,1906,1.0,1906,0.493704092339979,0.4892327791653865,0.0106716886377903,1.0000000000000022
G1_lossy_high_expansion_low_friction,a150_mu010_g020,G1,16,hot,6615,0.01,67,0.4925373134328358,0.0519874755950305,0.0006410256410256,0.1062128166474917
G1_lossy_high_expansion_low_friction,a150_mu010_g020,G1,16,hot,6615,0.02,133,0.4887218045112781,0.0800045263491466,0.0006410256410256,0.1642044903025551
G1_lossy_high_expansion_low_friction,a150_mu010_g020,G1,16,hot,6615,0.05,331,0.4894259818731117,0.1410613709189616,0.0008547008547008,0.2887237956154463
G1_lossy_high_expansion_low_friction,a150_mu010_g020,G1,16,hot,6615,0.1,662,0.4909365558912387,0.212155036819342,0.0025641025641025,0.432966114229399
G1_lossy_high_expansion_low_friction,a150_mu010_g020,G1,16,hot,6615,0.2,1323,0.4897959183673469,0.3057882105471279,0.0036324786324786,0.6244704850376451
G1_lossy_high_expansion_low_friction,a150_mu010_g020,G1,16,hot,6615,0.4,2646,0.491307634164777,0.4106749334387288,0.0057692307692307,0.837135673039835
G1_lossy_high_expansion_low_friction,a150_mu010_g020,G1,16,hot,6615,0.8,5292,0.4807256235827664,0.4811876141136859,0.0226495726495726,0.9879981810623226
G1_lossy_high_expansion_low_friction,a150_mu010_g020,G1,16,hot,6615,1.0,6615,0.5005291005291005,0.4878574767431677,0.0358974358974358,0.9999999999999968
G1_lossy_high_expansion_low_friction,a150_mu010_g020,G1,17,cold,6927,0.01,70,0.4714285714285714,0.021012821664678,0.00130005200208,0.0446799208733529
G1_lossy_high_expansion_low_friction,a150_mu010_g020,G1,17,cold,6927,0.02,139,0.4820143884892086,0.0391081377266711,0.0018200728029121,0.0813430038780682
G1_lossy_high_expansion_low_friction,a150_mu010_g020,G1,17,cold,6927,0.05,347,0.484149855907781,0.0838673626719727,0.0018200728029121,0.1736130247498093
G1_lossy_high_expansion_low_friction,a150_mu010_g020,G1,17,cold,6927,0.1,693,0.4906204906204906,0.1461937945902611,0.0026001040041601,0.2991102445373994
G1_lossy_high_expansion_low_friction,a150_mu010_g020,G1,17,cold,6927,0.2,1386,0.487012987012987,0.2391365523079753,0.0052002080083203,0.4910594284765739
G1_lossy_high_expansion_low_friction,a150_mu010_g020,G1,17,cold,6927,0.4,2771,0.495849873691808,0.3695349210278113,0.0171606864274571,0.7493328267872346
G1_lossy_high_expansion_low_friction,a150_mu010_g020,G1,17,cold,6927,0.8,5542,0.5167809455070371,0.4909419471137823,0.4271970878835153,0.979397921036814
G1_lossy_high_expansion_low_friction,a150_mu010_g020,G1,17,cold,6927,1.0,6927,0.5409268081420529,0.5030964893822888,0.5759230369214768,0.9999999999999962
G1_lossy_high_expansion_low_friction,a150_mu010_g020,G1,17,hot,13769,0.01,138,0.4782608695652174,0.0402602318191875,0.0006314127861089,0.0841575415633981
G1_lossy_high_expansion_low_friction,a150_mu010_g020,G1,17,hot,13769,0.02,276,0.4855072463768116,0.06894921438981,0.0006314127861089,0.142227865933997
G1_lossy_high_expansion_low_friction,a150_mu010_g020,G1,17,hot,13769,0.05,689,0.4847605224963715,0.1293667664820397,0.0007892659826361,0.2670986879366473
G1_lossy_high_expansion_low_friction,a150_mu010_g020,G1,17,hot,13769,0.1,1377,0.4887436456063907,0.2019527206604614,0.0017363851617995,0.4144719237110775
G1_lossy_high_expansion_low_friction,a150_mu010_g020,G1,17,hot,13769,0.2,2754,0.4909222948438634,0.2971723333026456,0.0029992107340173,0.6074524798255698
G1_lossy_high_expansion_low_friction,a150_mu010_g020,G1,17,hot,13769,0.4,5508,0.4954611474219317,0.404040825481872,0.0258879242304656,0.8212497819973918
G1_lossy_high_expansion_low_friction,a150_mu010_g020,G1,17,hot,13769,0.8,11016,0.5348583877995643,0.4943517269975659,0.6252565114443568,0.9861304257942634
G1_lossy_high_expansion_low_friction,a150_mu010_g020,G1,17,hot,13769,1.0,13769,0.5800711743772242,0.504425381249682,0.7643251775848461,0.9999999999999918
G1_lossy_high_expansion_low_friction,a150_mu010_g020,G1,18,cold,1997,0.01,20,0.45,0.0281639515384156,0.0012217470983506,0.061767796025398
G1_lossy_high_expansion_low_friction,a150_mu010_g020,G1,18,cold,1997,0.02,40,0.45,0.0481816646152496,0.0012217470983506,0.105630302850302
G1_lossy_high_expansion_low_friction,a150_mu010_g020,G1,18,cold,1997,0.05,100,0.49,0.1023937412132791,0.0012217470983506,0.2098416917663118
G1_lossy_high_expansion_low_friction,a150_mu010_g020,G1,18,cold,1997,0.1,200,0.485,0.1644172958678499,0.0018326206475259,0.3396767106146607
G1_lossy_high_expansion_low_friction,a150_mu010_g020,G1,18,cold,1997,0.2,400,0.49,0.2607925444846201,0.0024434941967012,0.5347975270143388
G1_lossy_high_expansion_low_friction,a150_mu010_g020,G1,18,cold,1997,0.4,799,0.493116395494368,0.3849693771337358,0.0030543677458766,0.7861334787656371
G1_lossy_high_expansion_low_friction,a150_mu010_g020,G1,18,cold,1997,0.8,1598,0.4887359198998748,0.4825194408094785,0.0067196090409285,0.985845138831268
G1_lossy_high_expansion_low_friction,a150_mu010_g020,G1,18,cold,1997,1.0,1997,0.4947421131697546,0.4893597731340777,0.0128283445326817,1.0000000000000009
G1_lossy_high_expansion_low_friction,a150_mu010_g020,G1,18,hot,6765,0.01,68,0.4852941176470588,0.0544929458418536,0.0004263483265828,0.1124075324052844
G1_lossy_high_expansion_low_friction,a150_mu010_g020,G1,18,hot,6765,0.02,136,0.4779411764705882,0.0862020281811433,0.0008526966531656,0.179367476529467
G1_lossy_high_expansion_low_friction,a150_mu010_g020,G1,18,hot,6765,0.05,339,0.4896755162241888,0.1542058380600421,0.0008526966531656,0.3160180919655422
G1_lossy_high_expansion_low_friction,a150_mu010_g020,G1,18,hot,6765,0.1,677,0.4844903988183161,0.2237351497745199,0.0014922191430398,0.4606506691690317
G1_lossy_high_expansion_low_friction,a150_mu010_g020,G1,18,hot,6765,0.2,1353,0.4885439763488544,0.3150545933697528,0.0025580899594969,0.6453274949476195
G1_lossy_high_expansion_low_friction,a150_mu010_g020,G1,18,hot,6765,0.4,2706,0.4885439763488544,0.4151118490938615,0.0051161799189938,0.8494958991957764
G1_lossy_high_expansion_low_friction,a150_mu010_g020,G1,18,hot,6765,0.8,5412,0.4804138950480414,0.4810639418388364,0.0176934555531869,0.989932230732744
G1_lossy_high_expansion_low_friction,a150_mu010_g020,G1,18,hot,6765,1.0,6765,0.4987435328898743,0.4865021293222249,0.0358132594329567,0.9999999999999994
G1_lossy_high_expansion_low_friction,a150_mu010_g020,G1,19,cold,7040,0.01,71,0.4647887323943662,0.0211582433432784,0.0007749935417204,0.0453465706073994
G1_lossy_high_expansion_low_friction,a150_mu010_g020,G1,19,cold,7040,0.02,141,0.4680851063829787,0.0381455682307268,0.0010333247222939,0.0813169468989273
G1_lossy_high_expansion_low_friction,a150_mu010_g020,G1,19,cold,7040,0.05,352,0.4886363636363636,0.0845108264179325,0.0015499870834409,0.1734491322326339
G1_lossy_high_expansion_low_friction,a150_mu010_g020,G1,19,cold,7040,0.1,704,0.4872159090909091,0.1442615215094796,0.0018083182640144,0.2966355957962902
G1_lossy_high_expansion_low_friction,a150_mu010_g020,G1,19,cold,7040,0.2,1408,0.4893465909090909,0.2389907994644059,0.0043916300697494,0.4893141638507939
G1_lossy_high_expansion_low_friction,a150_mu010_g020,G1,19,cold,7040,0.4,2816,0.4968039772727273,0.3698885558119654,0.022991475071041,0.7488612231743916
G1_lossy_high_expansion_low_friction,a150_mu010_g020,G1,19,cold,7040,0.8,5632,0.5161576704545454,0.4912281591912917,0.3200723327305605,0.978943028845651
G1_lossy_high_expansion_low_friction,a150_mu010_g020,G1,19,cold,7040,1.0,7040,0.5411931818181818,0.5042525039942466,0.591061741152157,0.9999999999999962
G1_lossy_high_expansion_low_friction,a150_mu010_g020,G1,19,hot,13779,0.01,138,0.4855072463768116,0.0406382776215107,0.000473933649289,0.0840415687982785
G1_lossy_high_expansion_low_friction,a150_mu010_g020,G1,19,hot,13779,0.02,276,0.4855072463768116,0.0692585164976844,0.0007898894154818,0.1432180386332663
G1_lossy_high_expansion_low_friction,a150_mu010_g020,G1,19,hot,13779,0.05,689,0.4804063860667634,0.1310793754572383,0.0012638230647709,0.2721723433528424
G1_lossy_high_expansion_low_friction,a150_mu010_g020,G1,19,hot,13779,0.1,1378,0.4920174165457184,0.2042045234119809,0.0015797788309636,0.4174021402470617
G1_lossy_high_expansion_low_friction,a150_mu010_g020,G1,19,hot,13779,0.2,2756,0.490566037735849,0.2965818085037603,0.0026856240126382,0.606548653950261
G1_lossy_high_expansion_low_friction,a150_mu010_g020,G1,19,hot,13779,0.4,5512,0.4909288824383164,0.4014350966397465,0.0211690363349131,0.8201163484294505
G1_lossy_high_expansion_low_friction,a150_mu010_g020,G1,19,hot,13779,0.8,11024,0.5329281567489115,0.4929135420810338,0.6369668246445498,0.9855950596698204
G1_lossy_high_expansion_low_friction,a150_mu010_g020,G1,19,hot,13779,1.0,13779,0.5807388054285507,0.5034735690098909,0.7579778830963665,1.0000000000000069
G1_lossy_high_expansion_low_friction,a150_mu010_g020,G1,20,cold,1842,0.01,19,0.4736842105263157,0.0331459968926717,0.0013020833333333,0.069895182646069
G1_lossy_high_expansion_low_friction,a150_mu010_g020,G1,20,cold,1842,0.02,37,0.4864864864864865,0.0550486129451716,0.0013020833333333,0.1136654745870797
G1_lossy_high_expansion_low_friction,a150_mu010_g020,G1,20,cold,1842,0.05,93,0.4838709677419355,0.1044337122987032,0.0013020833333333,0.2168790409980582
G1_lossy_high_expansion_low_friction,a150_mu010_g020,G1,20,cold,1842,0.1,185,0.4756756756756757,0.1667497366036212,0.001953125,0.350129736870956
G1_lossy_high_expansion_low_friction,a150_mu010_g020,G1,20,cold,1842,0.2,369,0.4742547425474255,0.259048024155192,0.001953125,0.5430430754020477
G1_lossy_high_expansion_low_friction,a150_mu010_g020,G1,20,cold,1842,0.4,737,0.491180461329715,0.3860363442024485,0.00390625,0.7911636199624401
G1_lossy_high_expansion_low_friction,a150_mu010_g020,G1,20,cold,1842,0.8,1474,0.4925373134328358,0.4817760514812497,0.0123697916666666,0.9849903111243716
G1_lossy_high_expansion_low_friction,a150_mu010_g020,G1,20,cold,1842,1.0,1842,0.496742671009772,0.4889558086778751,0.0221354166666666,0.9999999999999984
G1_lossy_high_expansion_low_friction,a150_mu010_g020,G1,20,hot,6803,0.01,69,0.4927536231884058,0.0507727733978086,0.0006391137622496,0.1037614221927568
G1_lossy_high_expansion_low_friction,a150_mu010_g020,G1,20,hot,6803,0.02,137,0.4817518248175182,0.0781118666760143,0.0006391137622496,0.1616944084262745
G1_lossy_high_expansion_low_friction,a150_mu010_g020,G1,20,hot,6803,0.05,341,0.4780058651026393,0.1373917439753126,0.0008521516829995,0.286068405669521
G1_lossy_high_expansion_low_friction,a150_mu010_g020,G1,20,hot,6803,0.1,681,0.487518355359765,0.2099947500626801,0.0014912654452492,0.4316150162424003
G1_lossy_high_expansion_low_friction,a150_mu010_g020,G1,20,hot,6803,0.2,1361,0.4908155767817781,0.3067927687198973,0.001917341286749,0.6272262978119258
G1_lossy_high_expansion_low_friction,a150_mu010_g020,G1,20,hot,6803,0.4,2722,0.4900808229243203,0.4113823312192887,0.0040477204942479,0.8409708612400528
G1_lossy_high_expansion_low_friction,a150_mu010_g020,G1,20,hot,6803,0.8,5443,0.4830056953885724,0.4819142174242692,0.0240732850447379,0.9899753981441428
G1_lossy_high_expansion_low_friction,a150_mu010_g020,G1,20,hot,6803,1.0,6803,0.5002204909598706,0.4872808244800461,0.0617809970174691,1.000000000000003
G1_lossy_high_expansion_low_friction,a150_mu010_g020,G1,21,cold,6693,0.01,67,0.4776119402985074,0.0218113764691114,0.0007798284377436,0.0457038155439426
G1_lossy_high_expansion_low_friction,a150_mu010_g020,G1,21,cold,6693,0.02,134,0.4850746268656716,0.0399349343216845,0.0010397712503249,0.082578061311132
G1_lossy_high_expansion_low_friction,a150_mu010_g020,G1,21,cold,6693,0.05,335,0.4835820895522388,0.0845683410233269,0.0012997140629061,0.1750150946966273
G1_lossy_high_expansion_low_friction,a150_mu010_g020,G1,21,cold,6693,0.1,670,0.4791044776119403,0.143803831319924,0.002339485313231,0.2994111056848674
G1_lossy_high_expansion_low_friction,a150_mu010_g020,G1,21,cold,6693,0.2,1339,0.4899178491411501,0.2414764898900047,0.0075383415648557,0.4940907606654063
G1_lossy_high_expansion_low_friction,a150_mu010_g020,G1,21,cold,6693,0.4,2678,0.4929051530993278,0.371418812338976,0.0369118793865349,0.7561451069589493
G1_lossy_high_expansion_low_friction,a150_mu010_g020,G1,21,cold,6693,0.8,5355,0.5060690943043884,0.487084083567989,0.3961528463737978,0.9804488817696568
G1_lossy_high_expansion_low_friction,a150_mu010_g020,G1,21,cold,6693,1.0,6693,0.5307037203047961,0.4988697760907131,0.5292435664153886,0.9999999999999932
G1_lossy_high_expansion_low_friction,a150_mu010_g020,G1,21,hot,13544,0.01,136,0.4852941176470588,0.0426403709292547,0.0004768717215069,0.0882750284226369
G1_lossy_high_expansion_low_friction,a150_mu010_g020,G1,21,hot,13544,0.02,271,0.4833948339483395,0.0714287017670763,0.0006358289620092,0.148125109013513
G1_lossy_high_expansion_low_friction,a150_mu010_g020,G1,21,hot,13544,0.05,678,0.4837758112094395,0.1349477573459951,0.0027022730885391,0.2790473860653016
G1_lossy_high_expansion_low_friction,a150_mu010_g020,G1,21,hot,13544,0.1,1355,0.4878228782287823,0.2078301497704827,0.0030201875695437,0.427074525191682
G1_lossy_high_expansion_low_friction,a150_mu010_g020,G1,21,hot,13544,0.2,2709,0.4942783314876338,0.3033454171576371,0.0042918454935622,0.6182253121935177
G1_lossy_high_expansion_low_friction,a150_mu010_g020,G1,21,hot,13544,0.4,5418,0.4924326319675157,0.4067897178621417,0.021936099189318,0.8294758661983964
G1_lossy_high_expansion_low_friction,a150_mu010_g020,G1,21,hot,13544,0.8,10836,0.530546327057955,0.4927872198985626,0.6316960737561595,0.9868470268062988
G1_lossy_high_expansion_low_friction,a150_mu010_g020,G1,21,hot,13544,1.0,13544,0.5765652687536916,0.5022424947380455,0.7580670799554919,0.9999999999999984
G1_lossy_high_expansion_low_friction,a150_mu010_g020,G1,22,cold,1973,0.01,20,0.5,0.040207604662892,0.0012383900928792,0.0813253014767822
G1_lossy_high_expansion_low_friction,a150_mu010_g020,G1,22,cold,1973,0.02,40,0.475,0.0600239521112133,0.0012383900928792,0.1252599170448064
G1_lossy_high_expansion_low_friction,a150_mu010_g020,G1,22,cold,1973,0.05,99,0.4747474747474747,0.1071792696991821,0.0012383900928792,0.2236368149862389
G1_lossy_high_expansion_low_friction,a150_mu010_g020,G1,22,cold,1973,0.1,198,0.4797979797979798,0.1691813225447657,0.0018575851393188,0.3511833483486775
G1_lossy_high_expansion_low_friction,a150_mu010_g020,G1,22,cold,1973,0.2,395,0.4886075949367088,0.2640533926983644,0.0024767801857585,0.5414159366140937
G1_lossy_high_expansion_low_friction,a150_mu010_g020,G1,22,cold,1973,0.4,790,0.489873417721519,0.3829683682827369,0.0037151702786377,0.7838544384665869
G1_lossy_high_expansion_low_friction,a150_mu010_g020,G1,22,cold,1973,0.8,1579,0.4889170360987967,0.481220189423417,0.0092879256965944,0.9840038606520416
G1_lossy_high_expansion_low_friction,a150_mu010_g020,G1,22,cold,1973,1.0,1973,0.4987328940699442,0.4893010267989983,0.0092879256965944,0.999999999999998
G1_lossy_high_expansion_low_friction,a150_mu010_g020,G1,22,hot,6694,0.01,67,0.4776119402985074,0.0514980250206462,0.000632911392405,0.1075596230236811
G1_lossy_high_expansion_low_friction,a150_mu010_g020,G1,22,hot,6694,0.02,134,0.4850746268656716,0.0853617338309147,0.000632911392405,0.1763194309385557
G1_lossy_high_expansion_low_friction,a150_mu010_g020,G1,22,hot,6694,0.05,335,0.4925373134328358,0.1551284505546426,0.00084388185654,0.3169061323852033
G1_lossy_high_expansion_low_friction,a150_mu010_g020,G1,22,hot,6694,0.1,670,0.491044776119403,0.229384186321025,0.00084388185654,0.4689862187879108
G1_lossy_high_expansion_low_friction,a150_mu010_g020,G1,22,hot,6694,0.2,1339,0.4891710231516056,0.3177956417783374,0.0012658227848101,0.650305590219771
G1_lossy_high_expansion_low_friction,a150_mu010_g020,G1,22,hot,6694,0.4,2678,0.484690067214339,0.4118812834276858,0.0025316455696202,0.8452828621236311
G1_lossy_high_expansion_low_friction,a150_mu010_g020,G1,22,hot,6694,0.8,5356,0.4828230022404779,0.4810034889851557,0.0061181434599156,0.98938375589235
G1_lossy_high_expansion_low_friction,a150_mu010_g020,G1,22,hot,6694,1.0,6694,0.4998506124887959,0.4866290140274347,0.0219409282700421,0.9999999999999922
G1_lossy_high_expansion_low_friction,a150_mu010_g020,G1,23,cold,7543,0.01,76,0.4736842105263157,0.0200987082624499,0.0007367387033398,0.0424940858876169
G1_lossy_high_expansion_low_friction,a150_mu010_g020,G1,23,cold,7543,0.02,151,0.4768211920529801,0.0373384491494233,0.0007367387033398,0.0784422496485681
G1_lossy_high_expansion_low_friction,a150_mu010_g020,G1,23,cold,7543,0.05,378,0.4814814814814814,0.0814370850146148,0.0014734774066797,0.1691045160419403
G1_lossy_high_expansion_low_friction,a150_mu010_g020,G1,23,cold,7543,0.1,755,0.4913907284768212,0.1417473476190241,0.0024557956777996,0.2896531477608112
G1_lossy_high_expansion_low_friction,a150_mu010_g020,G1,23,cold,7543,0.2,1509,0.4884029158383035,0.234789987625764,0.0041748526522593,0.4816384457206941
G1_lossy_high_expansion_low_friction,a150_mu010_g020,G1,23,cold,7543,0.4,3018,0.4933730947647449,0.3657735252386749,0.0270137524557956,0.7443178985173843
G1_lossy_high_expansion_low_friction,a150_mu010_g020,G1,23,cold,7543,0.8,6035,0.5204639602319802,0.4911734028095861,0.4825638506876228,0.9776102673100506
G1_lossy_high_expansion_low_friction,a150_mu010_g020,G1,23,cold,7543,1.0,7543,0.5451411905077556,0.5050580982732452,0.6240176817288802,1.000000000000001
G1_lossy_high_expansion_low_friction,a150_mu010_g020,G1,23,hot,13750,0.01,138,0.4855072463768116,0.0412228391771633,0.0004714016341923,0.0851963319938898
G1_lossy_high_expansion_low_friction,a150_mu010_g020,G1,23,hot,13750,0.02,275,0.48,0.0679126155416376,0.0006285355122564,0.1414335470399706
G1_lossy_high_expansion_low_friction,a150_mu010_g020,G1,23,hot,13750,0.05,688,0.4854651162790697,0.1310694106614105,0.0010999371464487,0.2707276166905686
G1_lossy_high_expansion_low_friction,a150_mu010_g020,G1,23,hot,13750,0.1,1375,0.488,0.2046160268921033,0.0023570081709616,0.4204508702680882
G1_lossy_high_expansion_low_friction,a150_mu010_g020,G1,23,hot,13750,0.2,2750,0.4930909090909091,0.3001931650607701,0.0045568824638592,0.6124073172498694
G1_lossy_high_expansion_low_friction,a150_mu010_g020,G1,23,hot,13750,0.4,5500,0.4930909090909091,0.4037458522384285,0.0337837837837837,0.8227549709599344
G1_lossy_high_expansion_low_friction,a150_mu010_g020,G1,23,hot,13750,0.8,11000,0.5303636363636364,0.4925890925530753,0.6033940917661847,0.9855595387351744
G1_lossy_high_expansion_low_friction,a150_mu010_g020,G1,23,hot,13750,1.0,13750,0.5794909090909091,0.5033473171774672,0.742771841609051,1.0000000000000009
G1_lossy_high_expansion_low_friction,a150_mu010_g020,G1,24,cold,1868,0.01,19,0.4736842105263157,0.0352292279219432,0.0012861736334405,0.0747790623641385
G1_lossy_high_expansion_low_friction,a150_mu010_g020,G1,24,cold,1868,0.02,38,0.4736842105263157,0.0592560884387591,0.0012861736334405,0.1252208543906347
G1_lossy_high_expansion_low_friction,a150_mu010_g020,G1,24,cold,1868,0.05,94,0.4787234042553192,0.1123445281817349,0.0019292604501607,0.2348248507741769
G1_lossy_high_expansion_low_friction,a150_mu010_g020,G1,24,cold,1868,0.1,187,0.4866310160427807,0.180857358056596,0.002572347266881,0.3733222472072163
G1_lossy_high_expansion_low_friction,a150_mu010_g020,G1,24,cold,1868,0.2,374,0.4866310160427807,0.27665295176442,0.0032154340836012,0.5696457492680124
G1_lossy_high_expansion_low_friction,a150_mu010_g020,G1,24,cold,1868,0.4,748,0.4906417112299465,0.392848556747156,0.0038585209003215,0.8046708132254214
G1_lossy_high_expansion_low_friction,a150_mu010_g020,G1,24,cold,1868,0.8,1495,0.4882943143812709,0.4815995114895928,0.0096463022508038,0.9856236643294696
G1_lossy_high_expansion_low_friction,a150_mu010_g020,G1,24,cold,1868,1.0,1868,0.4978586723768736,0.4885949512269449,0.0115755627009646,0.9999999999999982
G1_lossy_high_expansion_low_friction,a150_mu010_g020,G1,24,hot,6612,0.01,67,0.4925373134328358,0.0599403888328493,0.0006426735218508,0.1222415362740232
G1_lossy_high_expansion_low_friction,a150_mu010_g020,G1,24,hot,6612,0.02,133,0.4736842105263157,0.0879578961874251,0.0006426735218508,0.1836604754737676
G1_lossy_high_expansion_low_friction,a150_mu010_g020,G1,24,hot,6612,0.05,331,0.4894259818731117,0.1524995700708103,0.0008568980291345,0.3119418256983295
G1_lossy_high_expansion_low_friction,a150_mu010_g020,G1,24,hot,6612,0.1,662,0.4894259818731117,0.2225255900567598,0.0010711225364181,0.4552102566937106
G1_lossy_high_expansion_low_friction,a150_mu010_g020,G1,24,hot,6612,0.2,1323,0.491307634164777,0.3153569721336947,0.001713796058269,0.6437279522404968
G1_lossy_high_expansion_low_friction,a150_mu010_g020,G1,24,hot,6612,0.4,2645,0.4888468809073724,0.4151056179283402,0.0032133676092544,0.8487128527262371
G1_lossy_high_expansion_low_friction,a150_mu010_g020,G1,24,hot,6612,0.8,5290,0.4805293005671077,0.4822699648156892,0.0175664095972579,0.9900737900197843
G1_lossy_high_expansion_low_friction,a150_mu010_g020,G1,24,hot,6612,1.0,6612,0.5004537205081669,0.4876936582489387,0.0199228791773778,1.0000000000000024
G1_lossy_high_expansion_low_friction,a150_mu010_g020,G1,25,cold,7636,0.01,77,0.4935064935064935,0.0224807531207868,0.0007232401157184,0.0457794795667216
G1_lossy_high_expansion_low_friction,a150_mu010_g020,G1,25,cold,7636,0.02,153,0.4836601307189542,0.0395104237170891,0.0009643201542912,0.0818094606530372
G1_lossy_high_expansion_low_friction,a150_mu010_g020,G1,25,cold,7636,0.05,382,0.4921465968586387,0.0844255486105002,0.0016875602700096,0.172223790065949
G1_lossy_high_expansion_low_friction,a150_mu010_g020,G1,25,cold,7636,0.1,764,0.4842931937172774,0.1429854914331363,0.0045805207328833,0.2952361852466513
G1_lossy_high_expansion_low_friction,a150_mu010_g020,G1,25,cold,7636,0.2,1528,0.4888743455497382,0.2373451728814688,0.0106075216972034,0.4862773925718346
G1_lossy_high_expansion_low_friction,a150_mu010_g020,G1,25,cold,7636,0.4,3055,0.4945990180032733,0.3679286659828055,0.057135969141755,0.7471549321630043
G1_lossy_high_expansion_low_friction,a150_mu010_g020,G1,25,cold,7636,0.8,6109,0.5205434604681617,0.4930110587147234,0.4946962391513982,0.9790060918826324
G1_lossy_high_expansion_low_friction,a150_mu010_g020,G1,25,cold,7636,1.0,7636,0.5459664745940283,0.5060709148122242,0.6058341369334619,1.000000000000001
G1_lossy_high_expansion_low_friction,a150_mu010_g020,G1,25,hot,12813,0.01,129,0.4806201550387597,0.0406167948134785,0.0004866969500324,0.084718387163449
G1_lossy_high_expansion_low_friction,a150_mu010_g020,G1,25,hot,12813,0.02,257,0.4824902723735408,0.0695951706628999,0.0009733939000648,0.1445289513056475
G1_lossy_high_expansion_low_friction,a150_mu010_g020,G1,25,hot,12813,0.05,641,0.4836193447737909,0.132087094101454,0.0012978585334198,0.2735759132589817
G1_lossy_high_expansion_low_friction,a150_mu010_g020,G1,25,hot,12813,0.1,1282,0.4836193447737909,0.2039064426883131,0.0021090201168072,0.4216033137345329
G1_lossy_high_expansion_low_friction,a150_mu010_g020,G1,25,hot,12813,0.2,2563,0.4912212251268045,0.2992120400540455,0.0035691109669046,0.612212297828862
G1_lossy_high_expansion_low_friction,a150_mu010_g020,G1,25,hot,12813,0.4,5126,0.4923917284432306,0.4025492585948942,0.0165476963011031,0.8217856298749862
G1_lossy_high_expansion_low_friction,a150_mu010_g020,G1,25,hot,12813,0.8,10251,0.5234611257438299,0.4903871485020796,0.5830629461388709,0.9859014126506166
G1_lossy_high_expansion_low_friction,a150_mu010_g020,G1,25,hot,12813,1.0,12813,0.5662218059783033,0.5001411057730831,0.7237183646982479,1.0000000000000018
G1_lossy_high_expansion_low_friction,a150_mu010_g020,G1,26,cold,1889,0.01,19,0.4736842105263157,0.0364978764994209,0.0012845215157353,0.0762425530302623
G1_lossy_high_expansion_low_friction,a150_mu010_g020,G1,26,cold,1889,0.02,38,0.5,0.0600967706740823,0.0012845215157353,0.1214197670356431
G1_lossy_high_expansion_low_friction,a150_mu010_g020,G1,26,cold,1889,0.05,95,0.4842105263157895,0.1068334913854543,0.0012845215157353,0.2208033964191095
G1_lossy_high_expansion_low_friction,a150_mu010_g020,G1,26,cold,1889,0.1,189,0.4814814814814814,0.1694137500630914,0.001926782273603,0.3513731501678288
G1_lossy_high_expansion_low_friction,a150_mu010_g020,G1,26,cold,1889,0.2,378,0.492063492063492,0.2653628586306853,0.0032113037893384,0.5432162884367953
G1_lossy_high_expansion_low_friction,a150_mu010_g020,G1,26,cold,1889,0.4,756,0.4894179894179894,0.3833686663827305,0.0044958253050738,0.786140023645683
G1_lossy_high_expansion_low_friction,a150_mu010_g020,G1,26,cold,1889,0.8,1512,0.4914021164021164,0.4813863178645193,0.0057803468208092,0.983442415722292
G1_lossy_high_expansion_low_friction,a150_mu010_g020,G1,26,cold,1889,1.0,1889,0.4965590259396506,0.4894700900695744,0.00834938985228,0.9999999999999988
G1_lossy_high_expansion_low_friction,a150_mu010_g020,G1,26,hot,6549,0.01,66,0.4696969696969697,0.0459967751604245,0.0004301075268817,0.0976686527618959
G1_lossy_high_expansion_low_friction,a150_mu010_g020,G1,26,hot,6549,0.02,131,0.4885496183206106,0.080734092617735,0.0008602150537634,0.1658274685690342
G1_lossy_high_expansion_low_friction,a150_mu010_g020,G1,26,hot,6549,0.05,328,0.4786585365853658,0.1451051396587942,0.0008602150537634,0.301351509212771
G1_lossy_high_expansion_low_friction,a150_mu010_g020,G1,26,hot,6549,0.1,655,0.4916030534351145,0.2194806651817465,0.0012903225806451,0.4483943223592131
G1_lossy_high_expansion_low_friction,a150_mu010_g020,G1,26,hot,6549,0.2,1310,0.4885496183206106,0.3102397695406299,0.001505376344086,0.6356243090327441
G1_lossy_high_expansion_low_friction,a150_mu010_g020,G1,26,hot,6549,0.4,2620,0.4885496183206106,0.4115320900435132,0.0027956989247311,0.8425408988917976
G1_lossy_high_expansion_low_friction,a150_mu010_g020,G1,26,hot,6549,0.8,5240,0.4799618320610687,0.4809433465074091,0.0083870967741935,0.989576436429184
G1_lossy_high_expansion_low_friction,a150_mu010_g020,G1,26,hot,6549,1.0,6549,0.4980913116506337,0.4865394006113542,0.0156989247311827,1.0000000000000022
G1_lossy_high_expansion_low_friction,a150_mu010_g020,G1,27,cold,6595,0.01,66,0.4848484848484848,0.0219604524605671,0.0005153311002318,0.0453885385177549
G1_lossy_high_expansion_low_friction,a150_mu010_g020,G1,27,cold,6595,0.02,132,0.4772727272727273,0.0394992206606102,0.0007729966503478,0.0828019404688849
G1_lossy_high_expansion_low_friction,a150_mu010_g020,G1,27,cold,6595,0.05,330,0.4848484848484848,0.085612560591891,0.0010306622004637,0.1769879516338403
G1_lossy_high_expansion_low_friction,a150_mu010_g020,G1,27,cold,6595,0.1,660,0.4863636363636364,0.1468152773117146,0.0025766555011594,0.3022131489042979
G1_lossy_high_expansion_low_friction,a150_mu010_g020,G1,27,cold,6595,0.2,1319,0.488248673237301,0.240144412005352,0.0036073177016232,0.4925440635927546
G1_lossy_high_expansion_low_friction,a150_mu010_g020,G1,27,cold,6595,0.4,2638,0.4916603487490523,0.3676679120003468,0.0195825818088121,0.7501188490754709
G1_lossy_high_expansion_low_friction,a150_mu010_g020,G1,27,cold,6595,0.8,5276,0.5054965883244883,0.4854284051423559,0.3182169543931976,0.9790802573291344
G1_lossy_high_expansion_low_friction,a150_mu010_g020,G1,27,cold,6595,1.0,6595,0.5261561789234268,0.4975308186032026,0.4826075753671734,1.0000000000000009
G1_lossy_high_expansion_low_friction,a150_mu010_g020,G1,27,hot,13757,0.01,138,0.4710144927536231,0.0402508791767245,0.0004743083003952,0.0852753865826493
G1_lossy_high_expansion_low_friction,a150_mu010_g020,G1,27,hot,13757,0.02,276,0.4818840579710144,0.0694986592907058,0.0006324110671936,0.1444661508965522
G1_lossy_high_expansion_low_friction,a150_mu010_g020,G1,27,hot,13757,0.05,688,0.4840116279069767,0.1315355064007138,0.0012648221343873,0.2720453083192008
G1_lossy_high_expansion_low_friction,a150_mu010_g020,G1,27,hot,13757,0.1,1376,0.4854651162790697,0.2024061083503193,0.0014229249011857,0.4170064301527363
G1_lossy_high_expansion_low_friction,a150_mu010_g020,G1,27,hot,13757,0.2,2752,0.4923691860465116,0.2975714322584478,0.0071146245059288,0.6079536586658392
G1_lossy_high_expansion_low_friction,a150_mu010_g020,G1,27,hot,13757,0.4,5503,0.4948210067236053,0.4040681081953927,0.0414229249011857,0.8226180024691249
G1_lossy_high_expansion_low_friction,a150_mu010_g020,G1,27,hot,13757,0.8,11006,0.5366163910594222,0.4956783727196904,0.6246640316205534,0.987069426342908
G1_lossy_high_expansion_low_friction,a150_mu010_g020,G1,27,hot,13757,1.0,13757,0.5815948244530057,0.5050824142835071,0.7541501976284585,0.9999999999999928
G1_lossy_high_expansion_low_friction,a150_mu010_g020,G1,28,cold,2098,0.01,21,0.4761904761904761,0.0355660469384225,0.0011771630370806,0.074507589745399
G1_lossy_high_expansion_low_friction,a150_mu010_g020,G1,28,cold,2098,0.02,42,0.5,0.0587632798021005,0.0011771630370806,0.1189153645433414
G1_lossy_high_expansion_low_friction,a150_mu010_g020,G1,28,cold,2098,0.05,105,0.4952380952380952,0.10966138874262,0.0023543260741612,0.2232777245599719
G1_lossy_high_expansion_low_friction,a150_mu010_g020,G1,28,cold,2098,0.1,210,0.4619047619047619,0.1664445607163288,0.0023543260741612,0.3547795857690854
G1_lossy_high_expansion_low_friction,a150_mu010_g020,G1,28,cold,2098,0.2,420,0.4880952380952381,0.2680530481462251,0.0029429075927015,0.55052876704372
G1_lossy_high_expansion_low_friction,a150_mu010_g020,G1,28,cold,2098,0.4,840,0.4916666666666666,0.3886328205507952,0.0058858151854031,0.7948043882471802
G1_lossy_high_expansion_low_friction,a150_mu010_g020,G1,28,cold,2098,0.8,1679,0.4860035735556879,0.4816527835000028,0.0100058858151854,0.9858679109822106
G1_lossy_high_expansion_low_friction,a150_mu010_g020,G1,28,cold,2098,1.0,2098,0.4976167778836987,0.4889701271896056,0.0147145379635079,1.0000000000000018
G1_lossy_high_expansion_low_friction,a150_mu010_g020,G1,28,hot,6699,0.01,67,0.4776119402985074,0.0526827254417678,0.0004233700254022,0.1104627400365531
G1_lossy_high_expansion_low_friction,a150_mu010_g020,G1,28,hot,6699,0.02,134,0.4925373134328358,0.0852953779077347,0.0006350550381033,0.174815207480985
G1_lossy_high_expansion_low_friction,a150_mu010_g020,G1,28,hot,6699,0.05,335,0.4865671641791044,0.150057082688501,0.0008467400508044,0.3091632152744381
G1_lossy_high_expansion_low_friction,a150_mu010_g020,G1,28,hot,6699,0.1,670,0.4850746268656716,0.2195212594511714,0.0012701100762066,0.4520995975116642
G1_lossy_high_expansion_low_friction,a150_mu010_g020,G1,28,hot,6699,0.2,1340,0.4873134328358209,0.3087916222072963,0.0014817950889077,0.633578782758109
G1_lossy_high_expansion_low_friction,a150_mu010_g020,G1,28,hot,6699,0.4,2680,0.485820895522388,0.4092797834700381,0.0033869602032176,0.8398496098799269
G1_lossy_high_expansion_low_friction,a150_mu010_g020,G1,28,hot,6699,0.8,5360,0.4822761194029851,0.4808560223841733,0.0173581710414902,0.9887217890081684
G1_lossy_high_expansion_low_friction,a150_mu010_g020,G1,28,hot,6699,1.0,6699,0.5000746380056725,0.4868290402561457,0.0239204064352243,0.9999999999999934
G1_lossy_high_expansion_low_friction,a150_mu010_g020,G1,29,cold,7473,0.01,75,0.4666666666666667,0.0205554953101199,0.0009925558312655,0.044000222646975
G1_lossy_high_expansion_low_friction,a150_mu010_g020,G1,29,cold,7473,0.02,150,0.48,0.0384543005582974,0.0012406947890818,0.0802109048025795
G1_lossy_high_expansion_low_friction,a150_mu010_g020,G1,29,cold,7473,0.05,374,0.4839572192513369,0.0824830280998017,0.0024813895781637,0.1706173710877027
G1_lossy_high_expansion_low_friction,a150_mu010_g020,G1,29,cold,7473,0.1,748,0.4879679144385027,0.1428335654868647,0.0029776674937965,0.2933023834447523
G1_lossy_high_expansion_low_friction,a150_mu010_g020,G1,29,cold,7473,0.2,1495,0.4923076923076923,0.2376277744546757,0.0064516129032258,0.4844052347751422
G1_lossy_high_expansion_low_friction,a150_mu010_g020,G1,29,cold,7473,0.4,2990,0.4969899665551839,0.3673796758114165,0.0367245657568238,0.7436698489748906
G1_lossy_high_expansion_low_friction,a150_mu010_g020,G1,29,cold,7473,0.8,5979,0.5255059374477338,0.4948284142645828,0.5032258064516129,0.9792749266507554
G1_lossy_high_expansion_low_friction,a150_mu010_g020,G1,29,cold,7473,1.0,7473,0.5475712565234846,0.5077339044397265,0.6141439205955335,1.0000000000000016
G1_lossy_high_expansion_low_friction,a150_mu010_g020,G1,29,hot,12338,0.01,124,0.4758064516129032,0.0380440252250132,0.0003301964668978,0.0800495495456415
G1_lossy_high_expansion_low_friction,a150_mu010_g020,G1,29,hot,12338,0.02,247,0.4696356275303643,0.0649999305892281,0.0006603929337956,0.1379315066933261
G1_lossy_high_expansion_low_friction,a150_mu010_g020,G1,29,hot,12338,0.05,617,0.4862236628849271,0.1301847533716033,0.0009905894006934,0.2684939795285751
G1_lossy_high_expansion_low_friction,a150_mu010_g020,G1,29,hot,12338,0.1,1234,0.4894651539708265,0.2040323759676918,0.0013207858675912,0.4186687539093449
G1_lossy_high_expansion_low_friction,a150_mu010_g020,G1,29,hot,12338,0.2,2468,0.4914910858995138,0.2999005027443686,0.0036321611358758,0.6133575469926554
G1_lossy_high_expansion_low_friction,a150_mu010_g020,G1,29,hot,12338,0.4,4936,0.4918962722852512,0.4053255359072373,0.0151890374772989,0.8276569400842257
G1_lossy_high_expansion_low_friction,a150_mu010_g020,G1,29,hot,12338,0.8,9871,0.5218316280012156,0.4897976237622411,0.5611688954928182,0.9860935922066484
G1_lossy_high_expansion_low_friction,a150_mu010_g020,G1,29,hot,12338,1.0,12338,0.561436213324688,0.4992059866587197,0.7107478949975236,1.000000000000002
G1_lossy_high_expansion_low_friction,a150_mu010_g020,G1,30,cold,2013,0.01,21,0.4761904761904761,0.0368112916396564,0.0012368583797155,0.0772156572295996
G1_lossy_high_expansion_low_friction,a150_mu010_g020,G1,30,cold,2013,0.02,41,0.4878048780487805,0.0619708129405304,0.0012368583797155,0.1274264330673414
G1_lossy_high_expansion_low_friction,a150_mu010_g020,G1,30,cold,2013,0.05,101,0.4851485148514851,0.1161603372217251,0.0018552875695732,0.2397607885182124
G1_lossy_high_expansion_low_friction,a150_mu010_g020,G1,30,cold,2013,0.1,202,0.4900990099009901,0.1847116339990641,0.0018552875695732,0.3782640982253894
G1_lossy_high_expansion_low_friction,a150_mu010_g020,G1,30,cold,2013,0.2,403,0.4913151364764268,0.2780507336337409,0.002473716759431,0.568516004675502
G1_lossy_high_expansion_low_friction,a150_mu010_g020,G1,30,cold,2013,0.4,806,0.4913151364764268,0.3921308446391545,0.0043290043290043,0.8014898350210006
G1_lossy_high_expansion_low_friction,a150_mu010_g020,G1,30,cold,2013,0.8,1611,0.4860335195530726,0.4817930296533392,0.0080395794681508,0.9862357932012014
G1_lossy_high_expansion_low_friction,a150_mu010_g020,G1,30,cold,2013,1.0,2013,0.496274217585693,0.4886623227187224,0.0105132962275819,1.0000000000000022
G1_lossy_high_expansion_low_friction,a150_mu010_g020,G1,30,hot,6881,0.01,69,0.4782608695652174,0.052555445129528,0.0006368074718743,0.1093247944868009
G1_lossy_high_expansion_low_friction,a150_mu010_g020,G1,30,hot,6881,0.02,138,0.4927536231884058,0.0834688962370019,0.0006368074718743,0.1704267362952697
G1_lossy_high_expansion_low_friction,a150_mu010_g020,G1,30,hot,6881,0.05,345,0.4869565217391304,0.147097480545965,0.0010613457864572,0.3023417505137368
G1_lossy_high_expansion_low_friction,a150_mu010_g020,G1,30,hot,6881,0.1,689,0.490566037735849,0.2193319022367249,0.0010613457864572,0.4487056023131205
G1_lossy_high_expansion_low_friction,a150_mu010_g020,G1,30,hot,6881,0.2,1377,0.495279593318809,0.3127408148214542,0.0014858841010401,0.6364975733660868
G1_lossy_high_expansion_low_friction,a150_mu010_g020,G1,30,hot,6881,0.4,2753,0.4892844169996367,0.4118932602335072,0.0053067289322861,0.8420399782445283
G1_lossy_high_expansion_low_friction,a150_mu010_g020,G1,30,hot,6881,0.8,5505,0.4822888283378747,0.4812170837552739,0.0343876034812141,0.988993313572937
G1_lossy_high_expansion_low_friction,a150_mu010_g020,G1,30,hot,6881,1.0,6881,0.5021072518529284,0.4872082561405196,0.0689874761197198,1.0000000000000024
G2_lossy_high_expansion_mid_friction,a150_mu030_g020,G2,1,cold,6681,0.01,67,0.4925373134328358,0.0224992062274244,0.0009225092250922,0.0457827991788555
G2_lossy_high_expansion_mid_friction,a150_mu030_g020,G2,1,cold,6681,0.02,134,0.4925373134328358,0.0401290355780647,0.0015375153751537,0.0816875555106089
G2_lossy_high_expansion_mid_friction,a150_mu030_g020,G2,1,cold,6681,0.05,335,0.4955223880597015,0.0846366506353265,0.0015375153751537,0.1713980050456794
G2_lossy_high_expansion_mid_friction,a150_mu030_g020,G2,1,cold,6681,0.1,669,0.4947683109118087,0.1435927775442443,0.0021525215252152,0.2911440939075891
G2_lossy_high_expansion_mid_friction,a150_mu030_g020,G2,1,cold,6681,0.2,1337,0.4899027673896783,0.2351934522307817,0.009840098400984,0.4801692225482215
G2_lossy_high_expansion_mid_friction,a150_mu030_g020,G2,1,cold,6681,0.4,2673,0.5024317246539469,0.3691291977215623,0.0667281672816728,0.7408775953276596
G2_lossy_high_expansion_mid_friction,a150_mu030_g020,G2,1,cold,6681,0.8,5345,0.5451824134705332,0.5052279720574054,0.6190036900369004,0.9776496247668628
G2_lossy_high_expansion_mid_friction,a150_mu030_g020,G2,1,cold,6681,1.0,6681,0.5692261637479419,0.5196890337531206,0.7447724477244773,1.0000000000000009
G2_lossy_high_expansion_mid_friction,a150_mu030_g020,G2,1,hot,42646,0.01,427,0.4988290398126463,0.0200855453151859,0.0007340604026845,0.0402590884498807
G2_lossy_high_expansion_mid_friction,a150_mu030_g020,G2,1,hot,42646,0.02,853,0.4982415005861664,0.036190217586975,0.0010486577181208,0.0726107873415116
G2_lossy_high_expansion_mid_friction,a150_mu030_g020,G2,1,hot,42646,0.05,2133,0.4992967651195499,0.0776197582660902,0.0033557046979865,0.1554537006141034
G2_lossy_high_expansion_mid_friction,a150_mu030_g020,G2,1,hot,42646,0.1,4265,0.5031652989449004,0.1355390489107326,0.0316694630872483,0.2697290221778401
G2_lossy_high_expansion_mid_friction,a150_mu030_g020,G2,1,hot,42646,0.2,8530,0.5354044548651817,0.2389483654035229,0.3510906040268456,0.4525309912122663
G2_lossy_high_expansion_mid_friction,a150_mu030_g020,G2,1,hot,42646,0.4,17059,0.6337417199132422,0.4266889098588993,0.6403104026845637,0.7113016172205369
G2_lossy_high_expansion_mid_friction,a150_mu030_g020,G2,1,hot,42646,0.8,34117,0.7467245068440953,0.6459132328701848,0.9043624161073824,0.9696415545548812
G2_lossy_high_expansion_mid_friction,a150_mu030_g020,G2,1,hot,42646,1.0,42646,0.7769075646016039,0.6732731005179203,0.9953859060402684,0.9999999999999982
G2_lossy_high_expansion_mid_friction,a150_mu030_g020,G2,2,cold,6523,0.01,66,0.4848484848484848,0.0206013069888496,0.001502855425308,0.0425435278390104
G2_lossy_high_expansion_mid_friction,a150_mu030_g020,G2,2,cold,6523,0.02,131,0.4809160305343511,0.0370926980916197,0.001502855425308,0.0771173382576601
G2_lossy_high_expansion_mid_friction,a150_mu030_g020,G2,2,cold,6523,0.05,327,0.4892966360856269,0.0807292171644883,0.0030057108506161,0.1653196625673491
G2_lossy_high_expansion_mid_friction,a150_mu030_g020,G2,2,cold,6523,0.1,653,0.4854517611026033,0.1387753348324599,0.0042079951908626,0.2855216389684112
G2_lossy_high_expansion_mid_friction,a150_mu030_g020,G2,2,cold,6523,0.2,1305,0.4896551724137931,0.2324653264330476,0.007814848211602,0.4749618896341481
G2_lossy_high_expansion_mid_friction,a150_mu030_g020,G2,2,cold,6523,0.4,2610,0.4980842911877394,0.366113831424765,0.0363691012924556,0.7387977646780844
G2_lossy_high_expansion_mid_friction,a150_mu030_g020,G2,2,cold,6523,0.8,5219,0.535351599923357,0.5001487412374833,0.5788999098286745,0.9768398771532424
G2_lossy_high_expansion_mid_friction,a150_mu030_g020,G2,2,cold,6523,1.0,6523,0.5580254484133068,0.5146415425679134,0.6979260595130748,0.9999999999999994
G2_lossy_high_expansion_mid_friction,a150_mu030_g020,G2,2,hot,29894,0.01,299,0.4983277591973244,0.0336641634055826,0.0025663914304842,0.0678225807718553
G2_lossy_high_expansion_mid_friction,a150_mu030_g020,G2,2,hot,29894,0.02,598,0.4966555183946488,0.0563806510147629,0.0040169604998884,0.1137620148067757
G2_lossy_high_expansion_mid_friction,a150_mu030_g020,G2,2,hot,29894,0.05,1495,0.4976588628762541,0.106610571007317,0.0148404374023655,0.2145551286587352
G2_lossy_high_expansion_mid_friction,a150_mu030_g020,G2,2,hot,29894,0.1,2990,0.5016722408026756,0.168671933594224,0.0267797366659227,0.3373024117777685
G2_lossy_high_expansion_mid_friction,a150_mu030_g020,G2,2,hot,29894,0.2,5979,0.5174778391035291,0.2649253224731027,0.2229413077438072,0.5182635534386156
G2_lossy_high_expansion_mid_friction,a150_mu030_g020,G2,2,hot,29894,0.4,11958,0.5713329988292356,0.4115873325872771,0.5228743584021424,0.7545758288379931
G2_lossy_high_expansion_mid_friction,a150_mu030_g020,G2,2,hot,29894,0.8,23916,0.6662067235323633,0.5772108126250356,0.8701182771702745,0.976092565623287
G2_lossy_high_expansion_mid_friction,a150_mu030_g020,G2,2,hot,29894,1.0,29894,0.7040208737539305,0.5974156156664251,0.971546529792457,0.9999999999999748
G2_lossy_high_expansion_mid_friction,a150_mu030_g020,G2,3,cold,1923,0.01,20,0.45,0.0275707934757599,0.0018007202881152,0.0608791574964735
G2_lossy_high_expansion_mid_friction,a150_mu030_g020,G2,3,cold,1923,0.02,39,0.4871794871794871,0.0513948904350039,0.0018007202881152,0.105817226004036
G2_lossy_high_expansion_mid_friction,a150_mu030_g020,G2,3,cold,1923,0.05,97,0.4742268041237113,0.099905910115057,0.0018007202881152,0.2096230241328378
G2_lossy_high_expansion_mid_friction,a150_mu030_g020,G2,3,cold,1923,0.1,193,0.4818652849740932,0.1652993893602467,0.0024009603841536,0.3422522880755386
G2_lossy_high_expansion_mid_friction,a150_mu030_g020,G2,3,cold,1923,0.2,385,0.4883116883116883,0.2624867250081201,0.0024009603841536,0.5385587762610893
G2_lossy_high_expansion_mid_friction,a150_mu030_g020,G2,3,cold,1923,0.4,770,0.4922077922077922,0.3842688163851128,0.0042016806722689,0.7848250521962535
G2_lossy_high_expansion_mid_friction,a150_mu030_g020,G2,3,cold,1923,0.8,1539,0.4905782975958414,0.481966650462236,0.0060024009603841,0.9846113502985796
G2_lossy_high_expansion_mid_friction,a150_mu030_g020,G2,3,cold,1923,1.0,1923,0.4976599063962558,0.489610752748061,0.0066026410564225,0.9999999999999992
G2_lossy_high_expansion_mid_friction,a150_mu030_g020,G2,3,hot,15842,0.01,159,0.4842767295597484,0.0500871395875121,0.0012668918918918,0.1034452277575173
G2_lossy_high_expansion_mid_friction,a150_mu030_g020,G2,3,hot,15842,0.02,317,0.4921135646687697,0.0851110463330438,0.0039414414414414,0.1734197991627804
G2_lossy_high_expansion_mid_friction,a150_mu030_g020,G2,3,hot,15842,0.05,793,0.4930643127364439,0.1600349652251139,0.0102759009009009,0.3251122893138934
G2_lossy_high_expansion_mid_friction,a150_mu030_g020,G2,3,hot,15842,0.1,1585,0.5053627760252366,0.2446543863598896,0.0347691441441441,0.4890353648593636
G2_lossy_high_expansion_mid_friction,a150_mu030_g020,G2,3,hot,15842,0.2,3169,0.5231934364152729,0.3489604441348132,0.0565878378378378,0.6819153156293436
G2_lossy_high_expansion_mid_friction,a150_mu030_g020,G2,3,hot,15842,0.4,6337,0.5355846615117563,0.4521082293486743,0.130349099099099,0.8706793217640058
G2_lossy_high_expansion_mid_friction,a150_mu030_g020,G2,3,hot,15842,0.8,12674,0.5534953448003788,0.520507623140428,0.6655405405405406,0.9917772110072038
G2_lossy_high_expansion_mid_friction,a150_mu030_g020,G2,3,hot,15842,1.0,15842,0.5825653326600176,0.5259601831798048,0.8057432432432432,1.0000000000000004
G2_lossy_high_expansion_mid_friction,a150_mu030_g020,G2,4,cold,1834,0.01,19,0.4736842105263157,0.028859584674765,0.0012360939431396,0.0610368940972996
G2_lossy_high_expansion_mid_friction,a150_mu030_g020,G2,4,cold,1834,0.02,37,0.4864864864864865,0.0508619941589449,0.0012360939431396,0.1049510170860307
G2_lossy_high_expansion_mid_friction,a150_mu030_g020,G2,4,cold,1834,0.05,92,0.4782608695652174,0.1017060154561466,0.0018541409147095,0.2122699405576537
G2_lossy_high_expansion_mid_friction,a150_mu030_g020,G2,4,cold,1834,0.1,184,0.483695652173913,0.1670730768088185,0.0018541409147095,0.3455336825933232
G2_lossy_high_expansion_mid_friction,a150_mu030_g020,G2,4,cold,1834,0.2,367,0.4931880108991825,0.2633011280802596,0.0024721878862793,0.5372118754929387
G2_lossy_high_expansion_mid_friction,a150_mu030_g020,G2,4,cold,1834,0.4,734,0.4891008174386921,0.3808625997709846,0.0030902348578491,0.7798880779313181
G2_lossy_high_expansion_mid_friction,a150_mu030_g020,G2,4,cold,1834,0.8,1468,0.4891008174386921,0.4800809327598744,0.0055624227441285,0.9819259174135476
G2_lossy_high_expansion_mid_friction,a150_mu030_g020,G2,4,cold,1834,1.0,1834,0.4961832061068702,0.4891049098458093,0.0061804697156983,1.000000000000001
G2_lossy_high_expansion_mid_friction,a150_mu030_g020,G2,4,hot,26483,0.01,265,0.490566037735849,0.0401891767001188,0.0021354846363744,0.0817903091386784
G2_lossy_high_expansion_mid_friction,a150_mu030_g020,G2,4,hot,26483,0.02,530,0.4962264150943396,0.0687610410341675,0.0066437299798315,0.1386872665831631
G2_lossy_high_expansion_mid_friction,a150_mu030_g020,G2,4,hot,26483,0.05,1325,0.510188679245283,0.1337065706045596,0.0417605884446553,0.2639878533920779
G2_lossy_high_expansion_mid_friction,a150_mu030_g020,G2,4,hot,26483,0.1,2649,0.5235938089845225,0.2098066505549524,0.0921817534701625,0.4058627555879774
G2_lossy_high_expansion_mid_friction,a150_mu030_g020,G2,4,hot,26483,0.2,5297,0.5512554276005286,0.317807506127748,0.1832957646221378,0.592623262457475
G2_lossy_high_expansion_mid_friction,a150_mu030_g020,G2,4,hot,26483,0.4,10594,0.5914668680385123,0.4519936441516284,0.4507058963103571,0.8058574601611671
G2_lossy_high_expansion_mid_friction,a150_mu030_g020,G2,4,hot,26483,0.8,21187,0.6563930712229197,0.5774215429963727,0.8216870328627358,0.9831796833377792
G2_lossy_high_expansion_mid_friction,a150_mu030_g020,G2,4,hot,26483,1.0,26483,0.6899142846354265,0.5910007590103716,0.9372404792976629,0.9999999999999992
G2_lossy_high_expansion_mid_friction,a150_mu030_g020,G2,5,cold,1859,0.01,19,0.4736842105263157,0.0292287465917618,0.0012746972594008,0.0613621099700632
G2_lossy_high_expansion_mid_friction,a150_mu030_g020,G2,5,cold,1859,0.02,38,0.5,0.0528567641859439,0.0012746972594008,0.1064486267485617
G2_lossy_high_expansion_mid_friction,a150_mu030_g020,G2,5,cold,1859,0.05,93,0.4731182795698925,0.0997324835787728,0.0019120458891013,0.2092261864616731
G2_lossy_high_expansion_mid_friction,a150_mu030_g020,G2,5,cold,1859,0.1,186,0.489247311827957,0.1674449383343122,0.0025493945188017,0.3432112864140189
G2_lossy_high_expansion_mid_friction,a150_mu030_g020,G2,5,cold,1859,0.2,372,0.4838709677419355,0.2597506092112713,0.0031867431485022,0.5357158923256045
G2_lossy_high_expansion_mid_friction,a150_mu030_g020,G2,5,cold,1859,0.4,744,0.4919354838709677,0.3825756153266008,0.0038240917782026,0.7812964490595727
G2_lossy_high_expansion_mid_friction,a150_mu030_g020,G2,5,cold,1859,0.8,1488,0.4899193548387097,0.4821587497592043,0.0082855321861058,0.984496293969634
G2_lossy_high_expansion_mid_friction,a150_mu030_g020,G2,5,cold,1859,1.0,1859,0.4970414201183432,0.4898513055501825,0.0121096239643084,1.0000000000000002
G2_lossy_high_expansion_mid_friction,a150_mu030_g020,G2,5,hot,27217,0.01,273,0.4945054945054945,0.0410679432311505,0.0032062700391877,0.0829240739239939
G2_lossy_high_expansion_mid_friction,a150_mu030_g020,G2,5,hot,27217,0.02,545,0.5045871559633027,0.0702071090561963,0.0147250920318251,0.1393923639368078
G2_lossy_high_expansion_mid_friction,a150_mu030_g020,G2,5,hot,27217,0.05,1361,0.5187362233651727,0.1311796398111329,0.0571191069944187,0.2546887433888138
G2_lossy_high_expansion_mid_friction,a150_mu030_g020,G2,5,hot,27217,0.1,2722,0.5411462160176341,0.2041199015914811,0.0980881130507065,0.3842117417046887
G2_lossy_high_expansion_mid_friction,a150_mu030_g020,G2,5,hot,27217,0.2,5444,0.5527185892725937,0.3047573915081693,0.1959387246170288,0.5627862749379361
G2_lossy_high_expansion_mid_friction,a150_mu030_g020,G2,5,hot,27217,0.4,10887,0.5876733719114541,0.4420053408621092,0.4554090963068519,0.7845630800091181
G2_lossy_high_expansion_mid_friction,a150_mu030_g020,G2,5,hot,27217,0.8,21774,0.662119959584826,0.5834213524229659,0.8331552072200451,0.9803008942284784
G2_lossy_high_expansion_mid_friction,a150_mu030_g020,G2,5,hot,27217,1.0,27217,0.6972480435022229,0.5995487389708778,0.9488184301151882,1.000000000000003
G2_lossy_high_expansion_mid_friction,a150_mu030_g020,G2,6,cold,1761,0.01,18,0.4444444444444444,0.0304152236578545,0.0012978585334198,0.0660945061382046
G2_lossy_high_expansion_mid_friction,a150_mu030_g020,G2,6,cold,1761,0.02,36,0.4444444444444444,0.0494548692145552,0.0019467878001297,0.1082001613239937
G2_lossy_high_expansion_mid_friction,a150_mu030_g020,G2,6,cold,1761,0.05,89,0.4943820224719101,0.1020693667271113,0.0019467878001297,0.2075323485583631
G2_lossy_high_expansion_mid_friction,a150_mu030_g020,G2,6,cold,1761,0.1,177,0.480225988700565,0.1631070139368369,0.0019467878001297,0.3386868873632196
G2_lossy_high_expansion_mid_friction,a150_mu030_g020,G2,6,cold,1761,0.2,353,0.4815864022662889,0.2588808637547656,0.0025957170668397,0.5354129448602531
G2_lossy_high_expansion_mid_friction,a150_mu030_g020,G2,6,cold,1761,0.4,705,0.4907801418439716,0.3865486655406843,0.0045425048669695,0.7891661532968579
G2_lossy_high_expansion_mid_friction,a150_mu030_g020,G2,6,cold,1761,0.8,1409,0.4875798438608942,0.4820740456336518,0.0058403634003893,0.9845527520046394
G2_lossy_high_expansion_mid_friction,a150_mu030_g020,G2,6,cold,1761,1.0,1761,0.4963089153889835,0.4899140025420774,0.0058403634003893,1.0000000000000009
G2_lossy_high_expansion_mid_friction,a150_mu030_g020,G2,6,hot,22593,0.01,226,0.495575221238938,0.0538281333069446,0.0035,0.1085435814366791
G2_lossy_high_expansion_mid_friction,a150_mu030_g020,G2,6,hot,22593,0.02,452,0.5066371681415929,0.0891327851056512,0.009,0.1768245463669054
G2_lossy_high_expansion_mid_friction,a150_mu030_g020,G2,6,hot,22593,0.05,1130,0.5230088495575221,0.1655421698131084,0.048625,0.3199932312876514
G2_lossy_high_expansion_mid_friction,a150_mu030_g020,G2,6,hot,22593,0.1,2260,0.5495575221238939,0.2511966838195184,0.093875,0.4687924203104043
G2_lossy_high_expansion_mid_friction,a150_mu030_g020,G2,6,hot,22593,0.2,4519,0.5598583757468466,0.3519648215240304,0.164125,0.6456017545384775
G2_lossy_high_expansion_mid_friction,a150_mu030_g020,G2,6,hot,22593,0.4,9038,0.5843106882053551,0.4698210844094391,0.36875,0.8405005643036582
G2_lossy_high_expansion_mid_friction,a150_mu030_g020,G2,6,hot,22593,0.8,18075,0.6244536652835408,0.5660489341095633,0.767375,0.988039562636765
G2_lossy_high_expansion_mid_friction,a150_mu030_g020,G2,6,hot,22593,1.0,22593,0.6575487983003585,0.5750890946974448,0.91225,1.000000000000001
G2_lossy_high_expansion_mid_friction,a150_mu030_g020,G2,7,cold,3173,0.01,32,0.4375,0.0222106703797843,0.0013049151805132,0.0503236301142252
G2_lossy_high_expansion_mid_friction,a150_mu030_g020,G2,7,cold,3173,0.02,64,0.484375,0.0441782006104673,0.001739886907351,0.0914639354750639
G2_lossy_high_expansion_mid_friction,a150_mu030_g020,G2,7,cold,3173,0.05,159,0.4716981132075472,0.0926956565333028,0.0026098303610265,0.1959688586724498
G2_lossy_high_expansion_mid_friction,a150_mu030_g020,G2,7,cold,3173,0.1,318,0.4874213836477987,0.162845456131896,0.0030448020878642,0.3344888087606608
G2_lossy_high_expansion_mid_friction,a150_mu030_g020,G2,7,cold,3173,0.2,635,0.4850393700787401,0.2586699454128467,0.0039147455415398,0.5322214750449892
G2_lossy_high_expansion_mid_friction,a150_mu030_g020,G2,7,cold,3173,0.4,1270,0.4921259842519685,0.3823774631139421,0.0082644628099173,0.7796648556499859
G2_lossy_high_expansion_mid_friction,a150_mu030_g020,G2,7,cold,3173,0.8,2539,0.4907443875541551,0.481935883235636,0.0565463244889082,0.9828561760966436
G2_lossy_high_expansion_mid_friction,a150_mu030_g020,G2,7,cold,3173,1.0,3173,0.5020485345099275,0.4909616907197228,0.1052631578947368,0.9999999999999992
G2_lossy_high_expansion_mid_friction,a150_mu030_g020,G2,7,hot,24303,0.01,244,0.5,0.0368889905089292,0.0081138434652353,0.0738806473398293
G2_lossy_high_expansion_mid_friction,a150_mu030_g020,G2,7,hot,24303,0.02,487,0.5071868583162218,0.0618705635340283,0.0168518287354887,0.1225134631934882
G2_lossy_high_expansion_mid_friction,a150_mu030_g020,G2,7,hot,24303,0.05,1216,0.5172697368421053,0.1163207698375767,0.0370740232180751,0.2260424816621958
G2_lossy_high_expansion_mid_friction,a150_mu030_g020,G2,7,hot,24303,0.1,2431,0.5187165775401069,0.1814651641064776,0.0751466733241792,0.3512620823542919
G2_lossy_high_expansion_mid_friction,a150_mu030_g020,G2,7,hot,24303,0.2,4861,0.5254062950010286,0.2782034453767585,0.1609037573336662,0.5333236178426665
G2_lossy_high_expansion_mid_friction,a150_mu030_g020,G2,7,hot,24303,0.4,9722,0.5603785229376671,0.4165528469461241,0.4199226064161777,0.7670989421808844
G2_lossy_high_expansion_mid_friction,a150_mu030_g020,G2,7,hot,24303,0.8,19443,0.6422877128015224,0.5657462144718981,0.8141305704656098,0.9780837011600092
G2_lossy_high_expansion_mid_friction,a150_mu030_g020,G2,7,hot,24303,1.0,24303,0.6796280294613833,0.583631627576364,0.9320933716140308,1.0000000000000056
G2_lossy_high_expansion_mid_friction,a150_mu030_g020,G2,8,cold,2035,0.01,21,0.4761904761904761,0.0282294304454753,0.0011641443538998,0.0594562178048798
G2_lossy_high_expansion_mid_friction,a150_mu030_g020,G2,8,cold,2035,0.02,41,0.4634146341463415,0.0477674677472284,0.0011641443538998,0.1026552670404482
G2_lossy_high_expansion_mid_friction,a150_mu030_g020,G2,8,cold,2035,0.05,102,0.4901960784313725,0.1021580924744256,0.0017462165308498,0.2095274231087512
G2_lossy_high_expansion_mid_friction,a150_mu030_g020,G2,8,cold,2035,0.1,204,0.4950980392156863,0.1693929778795002,0.0017462165308498,0.3446028324126844
G2_lossy_high_expansion_mid_friction,a150_mu030_g020,G2,8,cold,2035,0.2,407,0.4864864864864865,0.2612813649431591,0.0029103608847497,0.5368113533166239
G2_lossy_high_expansion_mid_friction,a150_mu030_g020,G2,8,cold,2035,0.4,814,0.4901719901719901,0.3823755019954333,0.0040745052386495,0.7822251097418502
G2_lossy_high_expansion_mid_friction,a150_mu030_g020,G2,8,cold,2035,0.8,1628,0.4914004914004914,0.4818220647875322,0.0052386495925494,0.9831819171716588
G2_lossy_high_expansion_mid_friction,a150_mu030_g020,G2,8,cold,2035,1.0,2035,0.4958230958230958,0.4897967530161585,0.0052386495925494,0.999999999999996
G2_lossy_high_expansion_mid_friction,a150_mu030_g020,G2,8,hot,7493,0.01,75,0.4933333333333333,0.0612824911106176,0.001474615546661,0.1250265807134417
G2_lossy_high_expansion_mid_friction,a150_mu030_g020,G2,8,hot,7493,0.02,150,0.4866666666666667,0.0933688570868593,0.0021065936380872,0.1921703717704259
G2_lossy_high_expansion_mid_friction,a150_mu030_g020,G2,8,hot,7493,0.05,375,0.4933333333333333,0.1644785388016682,0.0048451653676005,0.3349618173817256
G2_lossy_high_expansion_mid_friction,a150_mu030_g020,G2,8,hot,7493,0.1,750,0.4946666666666666,0.240631368897401,0.0145354961028017,0.4891363364303067
G2_lossy_high_expansion_mid_friction,a150_mu030_g020,G2,8,hot,7493,0.2,1499,0.5070046697798533,0.3378815688341314,0.0461344006741099,0.6763727422776499
G2_lossy_high_expansion_mid_friction,a150_mu030_g020,G2,8,hot,7493,0.4,2998,0.5073382254836558,0.435410657476216,0.0945860543501158,0.8677170473755218
G2_lossy_high_expansion_mid_friction,a150_mu030_g020,G2,8,hot,7493,0.8,5995,0.5067556296914095,0.4981424243753425,0.1862228776069096,0.9916742311909124
G2_lossy_high_expansion_mid_friction,a150_mu030_g020,G2,8,hot,7493,1.0,7493,0.5211530762044575,0.5026610702745745,0.2412049715609859,1.000000000000006
G2_lossy_high_expansion_mid_friction,a150_mu030_g020,G2,9,cold,4242,0.01,43,0.4883720930232558,0.024405303160539,0.0010559662090813,0.0501075012595417
G2_lossy_high_expansion_mid_friction,a150_mu030_g020,G2,9,cold,4242,0.02,85,0.4823529411764706,0.043049208156427,0.0010559662090813,0.0891787286855908
G2_lossy_high_expansion_mid_friction,a150_mu030_g020,G2,9,cold,4242,0.05,213,0.4929577464788732,0.0921803818626491,0.0021119324181626,0.1876745076803795
G2_lossy_high_expansion_mid_friction,a150_mu030_g020,G2,9,cold,4242,0.1,425,0.4894117647058824,0.1551725695820165,0.0042238648363252,0.3175793683620896
G2_lossy_high_expansion_mid_friction,a150_mu030_g020,G2,9,cold,4242,0.2,849,0.4899882214369846,0.250001288089864,0.0042238648363252,0.5107530444772062
G2_lossy_high_expansion_mid_friction,a150_mu030_g020,G2,9,cold,4242,0.4,1697,0.4908662345315262,0.3762438459777092,0.0116156282998944,0.7671495793008379
G2_lossy_high_expansion_mid_friction,a150_mu030_g020,G2,9,cold,4242,0.8,3394,0.4955804360636417,0.4843316440130039,0.1334037310806054,0.9815308822954094
G2_lossy_high_expansion_mid_friction,a150_mu030_g020,G2,9,cold,4242,1.0,4242,0.508015087223008,0.4941392573402492,0.1513551566349877,0.9999999999999972
G2_lossy_high_expansion_mid_friction,a150_mu030_g020,G2,9,hot,22127,0.01,222,0.4909909909909909,0.0308244509927665,0.0020895912237168,0.0627647810059268
G2_lossy_high_expansion_mid_friction,a150_mu030_g020,G2,9,hot,22127,0.02,443,0.4898419864559819,0.0530656453214995,0.0037873840929868,0.1082208664560407
G2_lossy_high_expansion_mid_friction,a150_mu030_g020,G2,9,hot,22127,0.05,1107,0.4959349593495935,0.1067601859929339,0.0228549040094031,0.2155404946800108
G2_lossy_high_expansion_mid_friction,a150_mu030_g020,G2,9,hot,22127,0.1,2213,0.4988703117939448,0.1737982423518763,0.0530233773018153,0.349095918803595
G2_lossy_high_expansion_mid_friction,a150_mu030_g020,G2,9,hot,22127,0.2,4426,0.5131043831902395,0.2746929709359376,0.1405250097949588,0.5406136063676461
G2_lossy_high_expansion_mid_friction,a150_mu030_g020,G2,9,hot,22127,0.4,8851,0.5440063269687041,0.4090023557334524,0.3920595533498759,0.7756916135277031
G2_lossy_high_expansion_mid_friction,a150_mu030_g020,G2,9,hot,22127,0.8,17702,0.6254660490340075,0.5507870427890962,0.8031866266161682,0.9806926551081364
G2_lossy_high_expansion_mid_friction,a150_mu030_g020,G2,9,hot,22127,1.0,22127,0.6662448592217652,0.5663399716159241,0.9119759697009272,0.9999999999999958
G2_lossy_high_expansion_mid_friction,a150_mu030_g020,G2,10,cold,2129,0.01,22,0.5,0.0265200493283062,0.0011709601873536,0.0534176943460615
G2_lossy_high_expansion_mid_friction,a150_mu030_g020,G2,10,cold,2129,0.02,43,0.4883720930232558,0.0440612176102995,0.0017564402810304,0.0905001712898241
G2_lossy_high_expansion_mid_friction,a150_mu030_g020,G2,10,cold,2129,0.05,107,0.4766355140186916,0.089776628933584,0.0023419203747072,0.1881627228532949
G2_lossy_high_expansion_mid_friction,a150_mu030_g020,G2,10,cold,2129,0.1,213,0.4788732394366197,0.1540789325998238,0.0023419203747072,0.3212424696129882
G2_lossy_high_expansion_mid_friction,a150_mu030_g020,G2,10,cold,2129,0.2,426,0.4859154929577465,0.2524506723436432,0.0035128805620608,0.5195014450913079
G2_lossy_high_expansion_mid_friction,a150_mu030_g020,G2,10,cold,2129,0.4,852,0.4917840375586854,0.378468467913344,0.0052693208430913,0.7726205468424875
G2_lossy_high_expansion_mid_friction,a150_mu030_g020,G2,10,cold,2129,0.8,1704,0.4888497652582159,0.4815998333854686,0.0105386416861826,0.9835807394910692
G2_lossy_high_expansion_mid_friction,a150_mu030_g020,G2,10,cold,2129,1.0,2129,0.4988257397839361,0.4900385633243779,0.0146370023419203,0.9999999999999992
G2_lossy_high_expansion_mid_friction,a150_mu030_g020,G2,10,hot,6897,0.01,69,0.4927536231884058,0.0701059369622111,0.0006643046944198,0.1435308927793611
G2_lossy_high_expansion_mid_friction,a150_mu030_g020,G2,10,hot,6897,0.02,138,0.4782608695652174,0.0977974443774292,0.0015500442869796,0.2031272236973711
G2_lossy_high_expansion_mid_friction,a150_mu030_g020,G2,10,hot,6897,0.05,345,0.4898550724637681,0.159183951056272,0.0026572187776793,0.3259898773765303
G2_lossy_high_expansion_mid_friction,a150_mu030_g020,G2,10,hot,6897,0.1,690,0.4913043478260869,0.2281699157727735,0.0157218777679362,0.466001822886412
G2_lossy_high_expansion_mid_friction,a150_mu030_g020,G2,10,hot,6897,0.2,1380,0.5,0.3229354847935571,0.0551372896368467,0.6529210272636241
G2_lossy_high_expansion_mid_friction,a150_mu030_g020,G2,10,hot,6897,0.4,2759,0.5070677781805002,0.4257395686567725,0.0958813108945969,0.8529609771656492
G2_lossy_high_expansion_mid_friction,a150_mu030_g020,G2,10,hot,6897,0.8,5518,0.5041681768756796,0.4948837680280287,0.1778122232063773,0.990700542321763
G2_lossy_high_expansion_mid_friction,a150_mu030_g020,G2,10,hot,6897,1.0,6897,0.5173263737857039,0.4998563671913137,0.2271922054915854,1.0000000000000009
G2_lossy_high_expansion_mid_friction,a150_mu030_g020,G2,11,cold,3752,0.01,38,0.4736842105263157,0.0247515982774422,0.001120657452372,0.0519934360855113
G2_lossy_high_expansion_mid_friction,a150_mu030_g020,G2,11,cold,3752,0.02,76,0.5,0.0454692357314867,0.001120657452372,0.0914696798718222
G2_lossy_high_expansion_mid_friction,a150_mu030_g020,G2,11,cold,3752,0.05,188,0.4787234042553192,0.0904565991030609,0.00186776242062,0.1884191765412277
G2_lossy_high_expansion_mid_friction,a150_mu030_g020,G2,11,cold,3752,0.1,376,0.4813829787234042,0.1533422927246747,0.0022413149047441,0.3177252187331
G2_lossy_high_expansion_mid_friction,a150_mu030_g020,G2,11,cold,3752,0.2,751,0.488681757656458,0.2496482166029538,0.0029884198729921,0.511567798998258
G2_lossy_high_expansion_mid_friction,a150_mu030_g020,G2,11,cold,3752,0.4,1501,0.491672218520986,0.3757975379195243,0.0067239447142323,0.7663190448676006
G2_lossy_high_expansion_mid_friction,a150_mu030_g020,G2,11,cold,3752,0.8,3002,0.4920053297801465,0.4820359242464083,0.0190511766903249,0.981123429477934
G2_lossy_high_expansion_mid_friction,a150_mu030_g020,G2,11,cold,3752,1.0,3752,0.5002665245202559,0.491721570678358,0.0261486738886813,0.9999999999999964
G2_lossy_high_expansion_mid_friction,a150_mu030_g020,G2,11,hot,21790,0.01,218,0.5,0.0347050552663205,0.0027855153203342,0.0696074708614615
G2_lossy_high_expansion_mid_friction,a150_mu030_g020,G2,11,hot,21790,0.02,436,0.5,0.0590156795214916,0.006366892160764,0.1182895345087636
G2_lossy_high_expansion_mid_friction,a150_mu030_g020,G2,11,hot,21790,0.05,1090,0.501834862385321,0.1141350469540603,0.020692399522483,0.2281860552671718
G2_lossy_high_expansion_mid_friction,a150_mu030_g020,G2,11,hot,21790,0.1,2179,0.5061955025240936,0.1818501259596043,0.05544501923332,0.3607315259629812
G2_lossy_high_expansion_mid_friction,a150_mu030_g020,G2,11,hot,21790,0.2,4358,0.5178981184029371,0.2804686871036276,0.1181854357341822,0.546996597517369
G2_lossy_high_expansion_mid_friction,a150_mu030_g020,G2,11,hot,21790,0.4,8716,0.5486461679669573,0.4140830030230723,0.3840031834460803,0.7792593954018598
G2_lossy_high_expansion_mid_friction,a150_mu030_g020,G2,11,hot,21790,0.8,17432,0.6270651675080312,0.5518660097523127,0.7930760047751692,0.9801925990287186
G2_lossy_high_expansion_mid_friction,a150_mu030_g020,G2,11,hot,21790,1.0,21790,0.6670949977053694,0.5678044717550984,0.9063536278020956,1.0000000000000056
G2_lossy_high_expansion_mid_friction,a150_mu030_g020,G2,12,cold,2166,0.01,22,0.4545454545454545,0.0237828361892546,0.0011383039271485,0.0518153217831788
G2_lossy_high_expansion_mid_friction,a150_mu030_g020,G2,12,cold,2166,0.02,44,0.4772727272727273,0.0445515489535936,0.0017074558907228,0.0929956875972774
G2_lossy_high_expansion_mid_friction,a150_mu030_g020,G2,12,cold,2166,0.05,109,0.4495412844036697,0.085812916815455,0.0017074558907228,0.1872033768778193
G2_lossy_high_expansion_mid_friction,a150_mu030_g020,G2,12,cold,2166,0.1,217,0.4746543778801843,0.1495997254364428,0.0017074558907228,0.3142930838014897
G2_lossy_high_expansion_mid_friction,a150_mu030_g020,G2,12,cold,2166,0.2,434,0.488479262672811,0.2520039497772027,0.002276607854297,0.517934798637204
G2_lossy_high_expansion_mid_friction,a150_mu030_g020,G2,12,cold,2166,0.4,867,0.4890426758938869,0.3773389792606474,0.0034149117814456,0.7732011719538535
G2_lossy_high_expansion_mid_friction,a150_mu030_g020,G2,12,cold,2166,0.8,1733,0.4870167339873053,0.4808987125487714,0.006260671599317,0.9841210439955388
G2_lossy_high_expansion_mid_friction,a150_mu030_g020,G2,12,cold,2166,1.0,2166,0.4958448753462603,0.4887903756844291,0.0108138873079112,1.0000000000000022
G2_lossy_high_expansion_mid_friction,a150_mu030_g020,G2,12,hot,6923,0.01,70,0.5,0.0675656763818422,0.0015514184397163,0.1370804647173415
G2_lossy_high_expansion_mid_friction,a150_mu030_g020,G2,12,hot,6923,0.02,139,0.5035971223021583,0.1026342468226304,0.0053191489361702,0.2067843269776161
G2_lossy_high_expansion_mid_friction,a150_mu030_g020,G2,12,hot,6923,0.05,347,0.4956772334293948,0.1686406555443071,0.0124113475177304,0.3406173928863048
G2_lossy_high_expansion_mid_friction,a150_mu030_g020,G2,12,hot,6923,0.1,693,0.5050505050505051,0.2410406396415983,0.0274822695035461,0.4810851252774737
G2_lossy_high_expansion_mid_friction,a150_mu030_g020,G2,12,hot,6923,0.2,1385,0.5054151624548736,0.3327801278341197,0.0478723404255319,0.6619493300965089
G2_lossy_high_expansion_mid_friction,a150_mu030_g020,G2,12,hot,6923,0.4,2770,0.5101083032490975,0.4333175811279314,0.0866578014184397,0.8566335703272703
G2_lossy_high_expansion_mid_friction,a150_mu030_g020,G2,12,hot,6923,0.8,5539,0.5071312511283625,0.5012836146840076,0.181072695035461,0.9906290708917224
G2_lossy_high_expansion_mid_friction,a150_mu030_g020,G2,12,hot,6923,1.0,6923,0.5218835764841832,0.5064097313994522,0.2276152482269503,0.9999999999999912
G2_lossy_high_expansion_mid_friction,a150_mu030_g020,G2,13,cold,3887,0.01,39,0.4871794871794871,0.0240277716917499,0.0011086474501108,0.0495231330239367
G2_lossy_high_expansion_mid_friction,a150_mu030_g020,G2,13,cold,3887,0.02,78,0.4871794871794871,0.0439784504077749,0.0018477457501847,0.0905923529587241
G2_lossy_high_expansion_mid_friction,a150_mu030_g020,G2,13,cold,3887,0.05,195,0.4871794871794871,0.0916838916731948,0.0018477457501847,0.1884181625101077
G2_lossy_high_expansion_mid_friction,a150_mu030_g020,G2,13,cold,3887,0.1,389,0.4910025706940874,0.1549143506819233,0.0018477457501847,0.3163979398534739
G2_lossy_high_expansion_mid_friction,a150_mu030_g020,G2,13,cold,3887,0.2,778,0.4884318766066838,0.2473018958035073,0.0036954915003695,0.5069340907676921
G2_lossy_high_expansion_mid_friction,a150_mu030_g020,G2,13,cold,3887,0.4,1555,0.4932475884244373,0.3732217806376784,0.0059127864005912,0.760004465387006
G2_lossy_high_expansion_mid_friction,a150_mu030_g020,G2,13,cold,3887,0.8,3110,0.4948553054662379,0.4824280743753849,0.0683665927568366,0.9801701334525575
G2_lossy_high_expansion_mid_friction,a150_mu030_g020,G2,13,cold,3887,1.0,3887,0.5034731155132492,0.4926832505930642,0.1104951958610495,1.0000000000000004
G2_lossy_high_expansion_mid_friction,a150_mu030_g020,G2,13,hot,21472,0.01,215,0.5023255813953489,0.0378820464815015,0.0055070517125587,0.0756025433607021
G2_lossy_high_expansion_mid_friction,a150_mu030_g020,G2,13,hot,21472,0.02,430,0.5046511627906977,0.0628657897880964,0.0073875083948959,0.1248937108971082
G2_lossy_high_expansion_mid_friction,a150_mu030_g020,G2,13,hot,21472,0.05,1074,0.5037243947858473,0.1178393378390031,0.0232370718603089,0.234242912371467
G2_lossy_high_expansion_mid_friction,a150_mu030_g020,G2,13,hot,21472,0.1,2148,0.5107076350093109,0.1865249775337079,0.0548018804566823,0.3670318786301801
G2_lossy_high_expansion_mid_friction,a150_mu030_g020,G2,13,hot,21472,0.2,4295,0.5154831199068685,0.2809395491253866,0.1087978509066487,0.548633008860096
G2_lossy_high_expansion_mid_friction,a150_mu030_g020,G2,13,hot,21472,0.4,8589,0.541157294213529,0.4104586123027273,0.3998656816655473,0.7787187127363295
G2_lossy_high_expansion_mid_friction,a150_mu030_g020,G2,13,hot,21472,0.8,17178,0.6248690185120503,0.5500553206541775,0.7931497649429147,0.980727404591189
G2_lossy_high_expansion_mid_friction,a150_mu030_g020,G2,13,hot,21472,1.0,21472,0.6671944858420268,0.5657694900831071,0.8999328408327737,0.9999999999999974
G2_lossy_high_expansion_mid_friction,a150_mu030_g020,G2,14,cold,2175,0.01,22,0.3636363636363636,0.0186894979380934,0.0011580775911986,0.0497964999009182
G2_lossy_high_expansion_mid_friction,a150_mu030_g020,G2,14,cold,2175,0.02,44,0.5,0.0455578098533294,0.0011580775911986,0.0920419802882796
G2_lossy_high_expansion_mid_friction,a150_mu030_g020,G2,14,cold,2175,0.05,109,0.4862385321100917,0.0954523681765789,0.0017371163867979,0.1973091265042948
G2_lossy_high_expansion_mid_friction,a150_mu030_g020,G2,14,cold,2175,0.1,218,0.4954128440366973,0.1610938930241179,0.0017371163867979,0.3278959452433013
G2_lossy_high_expansion_mid_friction,a150_mu030_g020,G2,14,cold,2175,0.2,435,0.4896551724137931,0.2538689574111039,0.0017371163867979,0.5207312427179412
G2_lossy_high_expansion_mid_friction,a150_mu030_g020,G2,14,cold,2175,0.4,870,0.4908045977011494,0.3779498682323008,0.0034742327735958,0.773649450395208
G2_lossy_high_expansion_mid_friction,a150_mu030_g020,G2,14,cold,2175,0.8,1740,0.4879310344827586,0.4790344811977653,0.0104226983207874,0.9805199325159988
G2_lossy_high_expansion_mid_friction,a150_mu030_g020,G2,14,cold,2175,1.0,2175,0.4960919540229885,0.488965360554309,0.013317892298784,1.0000000000000016
G2_lossy_high_expansion_mid_friction,a150_mu030_g020,G2,14,hot,6808,0.01,69,0.4927536231884058,0.0579976483621269,0.000892458723784,0.1179144465754343
G2_lossy_high_expansion_mid_friction,a150_mu030_g020,G2,14,hot,6808,0.02,137,0.4963503649635036,0.0887654012322752,0.00223114680946,0.1796219180217425
G2_lossy_high_expansion_mid_friction,a150_mu030_g020,G2,14,hot,6808,0.05,341,0.4868035190615836,0.1520493224684682,0.00334672021419,0.3113526386789852
G2_lossy_high_expansion_mid_friction,a150_mu030_g020,G2,14,hot,6808,0.1,681,0.4948604992657856,0.2289207097621485,0.0107095046854083,0.4642661563148685
G2_lossy_high_expansion_mid_friction,a150_mu030_g020,G2,14,hot,6808,0.2,1362,0.4948604992657856,0.3223108526359909,0.0301204819277108,0.6530228161700102
G2_lossy_high_expansion_mid_friction,a150_mu030_g020,G2,14,hot,6808,0.4,2724,0.5051395007342144,0.4263889947851756,0.0863453815261044,0.854201518984436
G2_lossy_high_expansion_mid_friction,a150_mu030_g020,G2,14,hot,6808,0.8,5447,0.5010097301266753,0.4936496599420278,0.1680053547523427,0.9901474532143524
G2_lossy_high_expansion_mid_friction,a150_mu030_g020,G2,14,hot,6808,1.0,6808,0.5165981198589894,0.4990463102120187,0.2313699241410085,1.000000000000001
G2_lossy_high_expansion_mid_friction,a150_mu030_g020,G2,15,cold,4438,0.01,45,0.4888888888888889,0.0241839579034605,0.0013373453694416,0.0495734666908724
G2_lossy_high_expansion_mid_friction,a150_mu030_g020,G2,15,cold,4438,0.02,89,0.4831460674157303,0.042856705538794,0.001671681711802,0.0887769718249718
G2_lossy_high_expansion_mid_friction,a150_mu030_g020,G2,15,cold,4438,0.05,222,0.4864864864864865,0.0924599471900048,0.0026746907388833,0.19033801346787
G2_lossy_high_expansion_mid_friction,a150_mu030_g020,G2,15,cold,4438,0.1,444,0.4932432432432432,0.1597991210847389,0.005683717820127,0.3249341075154479
G2_lossy_high_expansion_mid_friction,a150_mu030_g020,G2,15,cold,4438,0.2,888,0.4921171171171171,0.2568747193682312,0.0070210631895687,0.5228652371471393
G2_lossy_high_expansion_mid_friction,a150_mu030_g020,G2,15,cold,4438,0.4,1776,0.4949324324324324,0.382296260539693,0.0391173520561685,0.7750976136811337
G2_lossy_high_expansion_mid_friction,a150_mu030_g020,G2,15,cold,4438,0.8,3551,0.5007040270346381,0.4873423784532404,0.1374122367101304,0.9830997180248712
G2_lossy_high_expansion_mid_friction,a150_mu030_g020,G2,15,cold,4438,1.0,4438,0.5085624155024786,0.4958901534993044,0.1641591440989635,1.0000000000000016
G2_lossy_high_expansion_mid_friction,a150_mu030_g020,G2,15,hot,19941,0.01,200,0.49,0.0371776627997843,0.0037154258978945,0.0757463795345708
G2_lossy_high_expansion_mid_friction,a150_mu030_g020,G2,15,hot,19941,0.02,399,0.4962406015037593,0.0632125300200086,0.0071556350626118,0.127578765279982
G2_lossy_high_expansion_mid_friction,a150_mu030_g020,G2,15,hot,19941,0.05,998,0.5070140280561122,0.1228147675384553,0.0229805972203109,0.2435273170478927
G2_lossy_high_expansion_mid_friction,a150_mu030_g020,G2,15,hot,19941,0.1,1995,0.5067669172932331,0.1913416673346859,0.0462364111737993,0.3787608098859373
G2_lossy_high_expansion_mid_friction,a150_mu030_g020,G2,15,hot,19941,0.2,3989,0.5214339433441966,0.2904283273242805,0.1147653777349662,0.5636516535818549
G2_lossy_high_expansion_mid_friction,a150_mu030_g020,G2,15,hot,19941,0.4,7977,0.5426852200075216,0.4168024434081254,0.3485619925691482,0.7892261341864133
G2_lossy_high_expansion_mid_friction,a150_mu030_g020,G2,15,hot,19941,0.8,15953,0.614429887795399,0.5456133782115788,0.7564331911380212,0.9820610782637312
G2_lossy_high_expansion_mid_friction,a150_mu030_g020,G2,15,hot,19941,1.0,19941,0.6545308660548619,0.5598508068940706,0.8696848768405119,1.0000000000000049
G2_lossy_high_expansion_mid_friction,a150_mu030_g020,G2,16,cold,2195,0.01,22,0.4545454545454545,0.0270692943977342,0.0011723329425556,0.058796961889258
G2_lossy_high_expansion_mid_friction,a150_mu030_g020,G2,16,cold,2195,0.02,44,0.4772727272727273,0.0485163153457442,0.0011723329425556,0.1012558660481925
G2_lossy_high_expansion_mid_friction,a150_mu030_g020,G2,16,cold,2195,0.05,110,0.4818181818181818,0.0975087049953979,0.0017584994138335,0.2024380203160256
G2_lossy_high_expansion_mid_friction,a150_mu030_g020,G2,16,cold,2195,0.1,220,0.4818181818181818,0.1616800951119099,0.0023446658851113,0.3352709579084867
G2_lossy_high_expansion_mid_friction,a150_mu030_g020,G2,16,cold,2195,0.2,439,0.489749430523918,0.2581973525489002,0.0029308323563892,0.5286977911564241
G2_lossy_high_expansion_mid_friction,a150_mu030_g020,G2,16,cold,2195,0.4,878,0.4874715261958998,0.3781491598825067,0.0046893317702227,0.7758056473322009
G2_lossy_high_expansion_mid_friction,a150_mu030_g020,G2,16,cold,2195,0.8,1756,0.4914578587699316,0.4815765519307305,0.0087924970691676,0.9829896336688114
G2_lossy_high_expansion_mid_friction,a150_mu030_g020,G2,16,cold,2195,1.0,2195,0.4988610478359909,0.4900625623670515,0.014654161781946,1.0000000000000016
G2_lossy_high_expansion_mid_friction,a150_mu030_g020,G2,16,hot,7655,0.01,77,0.4805194805194805,0.0458128158928977,0.0012610340479192,0.0951910146161663
G2_lossy_high_expansion_mid_friction,a150_mu030_g020,G2,16,hot,7655,0.02,154,0.487012987012987,0.0749667996799521,0.0029424127784783,0.1540818933633634
G2_lossy_high_expansion_mid_friction,a150_mu030_g020,G2,16,hot,7655,0.05,383,0.4934725848563969,0.1420440577815874,0.0050441361916771,0.2890712285545001
G2_lossy_high_expansion_mid_friction,a150_mu030_g020,G2,16,hot,7655,0.1,766,0.4947780678851174,0.2178916493947217,0.0126103404791929,0.4419447652936725
G2_lossy_high_expansion_mid_friction,a150_mu030_g020,G2,16,hot,7655,0.2,1531,0.5081645983017635,0.3189516217610204,0.0605296343001261,0.6361972395582334
G2_lossy_high_expansion_mid_friction,a150_mu030_g020,G2,16,hot,7655,0.4,3062,0.5111038536903985,0.4262559708672017,0.1004623791509037,0.8449834933468526
G2_lossy_high_expansion_mid_friction,a150_mu030_g020,G2,16,hot,7655,0.8,6124,0.5099608099281515,0.5003437941870659,0.2271963009667927,0.990211358971224
G2_lossy_high_expansion_mid_friction,a150_mu030_g020,G2,16,hot,7655,1.0,7655,0.52527759634226,0.5057814628752398,0.2812105926860025,1.0
G2_lossy_high_expansion_mid_friction,a150_mu030_g020,G2,17,cold,4485,0.01,45,0.4888888888888889,0.0234678338052907,0.0010070493454179,0.0480797185285644
G2_lossy_high_expansion_mid_friction,a150_mu030_g020,G2,17,cold,4485,0.02,90,0.4888888888888889,0.0430078899923043,0.0013427324605572,0.0880859748574508
G2_lossy_high_expansion_mid_friction,a150_mu030_g020,G2,17,cold,4485,0.05,225,0.4844444444444444,0.0906402736319678,0.0020140986908358,0.1869550464761718
G2_lossy_high_expansion_mid_friction,a150_mu030_g020,G2,17,cold,4485,0.1,449,0.4944320712694877,0.1554852167193244,0.0026854649211144,0.3157521390237808
G2_lossy_high_expansion_mid_friction,a150_mu030_g020,G2,17,cold,4485,0.2,897,0.4894091415830546,0.2497374111368607,0.007720711648204,0.5105428105983718
G2_lossy_high_expansion_mid_friction,a150_mu030_g020,G2,17,cold,4485,0.4,1794,0.4949832775919732,0.3771034314312795,0.0634441087613293,0.7646779473397638
G2_lossy_high_expansion_mid_friction,a150_mu030_g020,G2,17,cold,4485,0.8,3588,0.5050167224080268,0.4883806410872351,0.1352802954011413,0.9808744790920538
G2_lossy_high_expansion_mid_friction,a150_mu030_g020,G2,17,cold,4485,1.0,4485,0.5119286510590858,0.4982568614403628,0.2356495468277945,0.9999999999999984
G2_lossy_high_expansion_mid_friction,a150_mu030_g020,G2,17,hot,19536,0.01,196,0.4948979591836734,0.0433845469082466,0.0061187595605618,0.0874708586342981
G2_lossy_high_expansion_mid_friction,a150_mu030_g020,G2,17,hot,19536,0.02,391,0.5063938618925832,0.0707488436190445,0.0077875121679877,0.1400951271395556
G2_lossy_high_expansion_mid_friction,a150_mu030_g020,G2,17,hot,19536,0.05,977,0.5097236438075742,0.1289764678252498,0.0196078431372549,0.2541052051683747
G2_lossy_high_expansion_mid_friction,a150_mu030_g020,G2,17,hot,19536,0.1,1954,0.5061412487205732,0.1954993764566565,0.0483938256153525,0.3867262458775988
G2_lossy_high_expansion_mid_friction,a150_mu030_g020,G2,17,hot,19536,0.2,3908,0.5212384851586489,0.293885861070812,0.095953274926992,0.5704525867617364
G2_lossy_high_expansion_mid_friction,a150_mu030_g020,G2,17,hot,19536,0.4,7815,0.5364043506078054,0.4155246401086792,0.3370880267000417,0.7924878210186446
G2_lossy_high_expansion_mid_friction,a150_mu030_g020,G2,17,hot,19536,0.8,15629,0.6100198349222599,0.541213106718956,0.7574746210540954,0.9816936046454368
G2_lossy_high_expansion_mid_friction,a150_mu030_g020,G2,17,hot,19536,1.0,19536,0.6503378378378378,0.5557127601745797,0.871506049228202,0.9999999999999968
G2_lossy_high_expansion_mid_friction,a150_mu030_g020,G2,18,cold,2076,0.01,21,0.4761904761904761,0.0265255792518712,0.0012239902080783,0.0557616955902212
G2_lossy_high_expansion_mid_friction,a150_mu030_g020,G2,18,cold,2076,0.02,42,0.4523809523809524,0.0449142432467689,0.0012239902080783,0.0985163865011384
G2_lossy_high_expansion_mid_friction,a150_mu030_g020,G2,18,cold,2076,0.05,104,0.4615384615384615,0.095687979757685,0.0018359853121175,0.2049046629573335
G2_lossy_high_expansion_mid_friction,a150_mu030_g020,G2,18,cold,2076,0.1,208,0.4855769230769231,0.165607514931383,0.0018359853121175,0.3415816512337803
G2_lossy_high_expansion_mid_friction,a150_mu030_g020,G2,18,cold,2076,0.2,416,0.4879807692307692,0.2623575381639465,0.0024479804161566,0.5384649623529632
G2_lossy_high_expansion_mid_friction,a150_mu030_g020,G2,18,cold,2076,0.4,831,0.4885679903730445,0.3798641250737233,0.0055079559363525,0.778683143824393
G2_lossy_high_expansion_mid_friction,a150_mu030_g020,G2,18,cold,2076,0.8,1661,0.4888621312462372,0.4805755439773117,0.0104039167686658,0.9829231995081744
G2_lossy_high_expansion_mid_friction,a150_mu030_g020,G2,18,cold,2076,1.0,2076,0.4966281310211946,0.4891172623890109,0.011015911872705,0.9999999999999988
G2_lossy_high_expansion_mid_friction,a150_mu030_g020,G2,18,hot,7218,0.01,73,0.4794520547945205,0.0529508925301195,0.0021743857360295,0.1096149776239054
G2_lossy_high_expansion_mid_friction,a150_mu030_g020,G2,18,hot,7218,0.02,145,0.4827586206896552,0.0845968063694872,0.005001087192868,0.1742289324049477
G2_lossy_high_expansion_mid_friction,a150_mu030_g020,G2,18,hot,7218,0.05,361,0.5013850415512465,0.159527366609653,0.0141335072841922,0.3190450829316599
G2_lossy_high_expansion_mid_friction,a150_mu030_g020,G2,18,hot,7218,0.1,722,0.5055401662049861,0.2399631942988652,0.0197869101978691,0.4764223265898292
G2_lossy_high_expansion_mid_friction,a150_mu030_g020,G2,18,hot,7218,0.2,1444,0.5214681440443213,0.3415527108430926,0.0702326592737551,0.665664809074454
G2_lossy_high_expansion_mid_friction,a150_mu030_g020,G2,18,hot,7218,0.4,2888,0.5214681440443213,0.4444197135287929,0.1080669710806697,0.8626697299572422
G2_lossy_high_expansion_mid_friction,a150_mu030_g020,G2,18,hot,7218,0.8,5775,0.5113419913419913,0.5086986387790311,0.202870189171559,0.9915109202796089
G2_lossy_high_expansion_mid_friction,a150_mu030_g020,G2,18,hot,7218,1.0,7218,0.5250761983929066,0.5133743166794199,0.2604914111763426,0.9999999999999994
G2_lossy_high_expansion_mid_friction,a150_mu030_g020,G2,19,cold,4679,0.01,47,0.4680851063829787,0.0221312238816187,0.001325381047051,0.0471781528809342
G2_lossy_high_expansion_mid_friction,a150_mu030_g020,G2,19,cold,4679,0.02,94,0.4787234042553192,0.0412213534506074,0.0019880715705765,0.0860178982514451
G2_lossy_high_expansion_mid_friction,a150_mu030_g020,G2,19,cold,4679,0.05,234,0.4957264957264957,0.0896686900835562,0.0023194168323392,0.1817542570398126
G2_lossy_high_expansion_mid_friction,a150_mu030_g020,G2,19,cold,4679,0.1,468,0.4829059829059829,0.1494043658486062,0.0049701789264413,0.3089572818673361
G2_lossy_high_expansion_mid_friction,a150_mu030_g020,G2,19,cold,4679,0.2,936,0.4935897435897436,0.2477158191031254,0.0069582504970178,0.5037791612958925
G2_lossy_high_expansion_mid_friction,a150_mu030_g020,G2,19,cold,4679,0.4,1872,0.4957264957264957,0.3739249744803058,0.0265076209410205,0.7576747787949025
G2_lossy_high_expansion_mid_friction,a150_mu030_g020,G2,19,cold,4679,0.8,3744,0.5069444444444444,0.4891821099136511,0.2544731610337972,0.9804542976396028
G2_lossy_high_expansion_mid_friction,a150_mu030_g020,G2,19,cold,4679,1.0,4679,0.5184868561658474,0.4998064591318644,0.2995361166335321,0.9999999999999982
G2_lossy_high_expansion_mid_friction,a150_mu030_g020,G2,19,hot,18954,0.01,190,0.4894736842105263,0.0376499134754586,0.0019785189372526,0.0767920958158279
G2_lossy_high_expansion_mid_friction,a150_mu030_g020,G2,19,hot,18954,0.02,380,0.4894736842105263,0.0652190346529662,0.0049462973431317,0.1329820551697896
G2_lossy_high_expansion_mid_friction,a150_mu030_g020,G2,19,hot,18954,0.05,948,0.5052742616033755,0.126823180485899,0.0306670435274166,0.2522555207902525
G2_lossy_high_expansion_mid_friction,a150_mu030_g020,G2,19,hot,18954,0.1,1896,0.5142405063291139,0.1994420014925525,0.0551158846806105,0.3910396678183555
G2_lossy_high_expansion_mid_friction,a150_mu030_g020,G2,19,hot,18954,0.2,3791,0.5286204167765761,0.3000414066994136,0.0959581684567552,0.5761807414623467
G2_lossy_high_expansion_mid_friction,a150_mu030_g020,G2,19,hot,18954,0.4,7582,0.5402268530730678,0.4217591355160422,0.2769926512153759,0.7976083169511858
G2_lossy_high_expansion_mid_friction,a150_mu030_g020,G2,19,hot,18954,0.8,15164,0.605447111580058,0.5422725751198032,0.7426512153759186,0.9826168944284864
G2_lossy_high_expansion_mid_friction,a150_mu030_g020,G2,19,hot,18954,1.0,18954,0.6477788329640182,0.5560938592918115,0.8591011871113623,1.0000000000000078
G2_lossy_high_expansion_mid_friction,a150_mu030_g020,G2,20,cold,2132,0.01,22,0.4545454545454545,0.0273328180832199,0.0011911852293031,0.0596514604062243
G2_lossy_high_expansion_mid_friction,a150_mu030_g020,G2,20,cold,2132,0.02,43,0.4651162790697674,0.0480386294794067,0.0011911852293031,0.1023890929528521
G2_lossy_high_expansion_mid_friction,a150_mu030_g020,G2,20,cold,2132,0.05,107,0.4859813084112149,0.1000470549777271,0.0017867778439547,0.2061359172467721
G2_lossy_high_expansion_mid_friction,a150_mu030_g020,G2,20,cold,2132,0.1,214,0.4859813084112149,0.1670918410758748,0.0023823704586063,0.3438589108916497
G2_lossy_high_expansion_mid_friction,a150_mu030_g020,G2,20,cold,2132,0.2,427,0.4918032786885246,0.2656766363572912,0.0029779630732578,0.5425263108516702
G2_lossy_high_expansion_mid_friction,a150_mu030_g020,G2,20,cold,2132,0.4,853,0.4912075029308324,0.3854289450226388,0.0035735556879094,0.7872137753142473
G2_lossy_high_expansion_mid_friction,a150_mu030_g020,G2,20,cold,2132,0.8,1706,0.4894490035169988,0.4832873040986711,0.0089338892197736,0.9861263572559748
G2_lossy_high_expansion_mid_friction,a150_mu030_g020,G2,20,cold,2132,1.0,2132,0.4967166979362101,0.4899029707339163,0.0131030375223347,1.0000000000000009
G2_lossy_high_expansion_mid_friction,a150_mu030_g020,G2,20,hot,7803,0.01,79,0.4936708860759494,0.0611491047858831,0.0055003173259995,0.1237034449786484
G2_lossy_high_expansion_mid_friction,a150_mu030_g020,G2,20,hot,7803,0.02,157,0.5031847133757962,0.1014780740737451,0.0076158239898455,0.2024052907696852
G2_lossy_high_expansion_mid_friction,a150_mu030_g020,G2,20,hot,7803,0.05,391,0.5038363171355499,0.1807110563900167,0.0255976306325364,0.3598748614795218
G2_lossy_high_expansion_mid_friction,a150_mu030_g020,G2,20,hot,7803,0.1,781,0.5262483994878361,0.2695832256241554,0.0594457372540723,0.5224916981860398
G2_lossy_high_expansion_mid_friction,a150_mu030_g020,G2,20,hot,7803,0.2,1561,0.5464445868033312,0.3716493191100041,0.092870742542839,0.7018271193534988
G2_lossy_high_expansion_mid_friction,a150_mu030_g020,G2,20,hot,7803,0.4,3122,0.5371556694426649,0.4649209096837219,0.1360270784852972,0.8781676059198061
G2_lossy_high_expansion_mid_friction,a150_mu030_g020,G2,20,hot,7803,0.8,6243,0.525388435047253,0.5232860567868131,0.2599957689866723,0.9919004988940272
G2_lossy_high_expansion_mid_friction,a150_mu030_g020,G2,20,hot,7803,1.0,7803,0.5363321799307958,0.5277400706122997,0.3228263169028982,1.000000000000001
G2_lossy_high_expansion_mid_friction,a150_mu030_g020,G2,21,cold,4958,0.01,50,0.5,0.0246263916905655,0.0015802781289506,0.0494702546726022
G2_lossy_high_expansion_mid_friction,a150_mu030_g020,G2,21,cold,4958,0.02,100,0.48,0.0421836715207341,0.0015802781289506,0.0877658634835367
G2_lossy_high_expansion_mid_friction,a150_mu030_g020,G2,21,cold,4958,0.05,248,0.4879032258064516,0.0880727371266979,0.0028445006321112,0.1805476792160617
G2_lossy_high_expansion_mid_friction,a150_mu030_g020,G2,21,cold,4958,0.1,496,0.4919354838709677,0.1500037746287343,0.0037926675094816,0.3056096610619062
G2_lossy_high_expansion_mid_friction,a150_mu030_g020,G2,21,cold,4958,0.2,992,0.4909274193548387,0.2445635144035618,0.0097977243994943,0.4991291104417487
G2_lossy_high_expansion_mid_friction,a150_mu030_g020,G2,21,cold,4958,0.4,1984,0.4939516129032258,0.3735663492099382,0.0565739570164348,0.7588149976047038
G2_lossy_high_expansion_mid_friction,a150_mu030_g020,G2,21,cold,4958,0.8,3967,0.5066801109150492,0.488058274563362,0.1374841972187105,0.9802675993508688
G2_lossy_high_expansion_mid_friction,a150_mu030_g020,G2,21,cold,4958,1.0,4958,0.5215812827753126,0.4990266363349586,0.2828697850821745,0.9999999999999976
G2_lossy_high_expansion_mid_friction,a150_mu030_g020,G2,21,hot,17967,0.01,180,0.5,0.0470487919209634,0.0056677808458072,0.0942910880680599
G2_lossy_high_expansion_mid_friction,a150_mu030_g020,G2,21,hot,17967,0.02,360,0.5,0.0756672226760604,0.0138061328295305,0.1516503129930397
G2_lossy_high_expansion_mid_friction,a150_mu030_g020,G2,21,hot,17967,0.05,899,0.5050055617352615,0.1375862569582461,0.0283389042290364,0.273024619470953
G2_lossy_high_expansion_mid_friction,a150_mu030_g020,G2,21,hot,17967,0.1,1797,0.5169727323316639,0.2100937934821086,0.0504287167562854,0.4099774148231389
G2_lossy_high_expansion_mid_friction,a150_mu030_g020,G2,21,hot,17967,0.2,3594,0.5191986644407346,0.3044598176990685,0.0806568812672576,0.5908649508004612
G2_lossy_high_expansion_mid_friction,a150_mu030_g020,G2,21,hot,17967,0.4,7187,0.5320717962988729,0.4213091654249853,0.2884755122801918,0.8063556524005554
G2_lossy_high_expansion_mid_friction,a150_mu030_g020,G2,21,hot,17967,0.8,14374,0.5962849589536663,0.5354594426730748,0.7471297776485976,0.9839525093828962
G2_lossy_high_expansion_mid_friction,a150_mu030_g020,G2,21,hot,17967,1.0,17967,0.638448266265932,0.5480356786908281,0.8584508065688127,1.0000000000000089
G2_lossy_high_expansion_mid_friction,a150_mu030_g020,G2,22,cold,2240,0.01,23,0.4782608695652174,0.0302625196247924,0.001159420289855,0.0633672845854456
G2_lossy_high_expansion_mid_friction,a150_mu030_g020,G2,22,cold,2240,0.02,45,0.4666666666666667,0.0495805708165942,0.001159420289855,0.1060040623780014
G2_lossy_high_expansion_mid_friction,a150_mu030_g020,G2,22,cold,2240,0.05,112,0.4821428571428571,0.1032506667134605,0.0017391304347826,0.2144086422754303
G2_lossy_high_expansion_mid_friction,a150_mu030_g020,G2,22,cold,2240,0.1,224,0.4776785714285714,0.1681925385600654,0.0023188405797101,0.3509945088142362
G2_lossy_high_expansion_mid_friction,a150_mu030_g020,G2,22,cold,2240,0.2,448,0.4910714285714285,0.2693781253252258,0.0028985507246376,0.5510618546798344
G2_lossy_high_expansion_mid_friction,a150_mu030_g020,G2,22,cold,2240,0.4,896,0.4888392857142857,0.3901013147527164,0.0052173913043478,0.7984942898996055
G2_lossy_high_expansion_mid_friction,a150_mu030_g020,G2,22,cold,2240,0.8,1792,0.4916294642857143,0.4828606358307774,0.008695652173913,0.985385857044528
G2_lossy_high_expansion_mid_friction,a150_mu030_g020,G2,22,cold,2240,1.0,2240,0.4986607142857143,0.4901111731651535,0.0127536231884057,0.9999999999999992
G2_lossy_high_expansion_mid_friction,a150_mu030_g020,G2,22,hot,7665,0.01,77,0.4935064935064935,0.0492172930278682,0.0031638894747943,0.0997742687263482
G2_lossy_high_expansion_mid_friction,a150_mu030_g020,G2,22,hot,7665,0.02,154,0.5,0.0858785817772188,0.0048512971946846,0.1721726956283256
G2_lossy_high_expansion_mid_friction,a150_mu030_g020,G2,22,hot,7665,0.05,384,0.5052083333333334,0.1639810762679461,0.0122337059692048,0.3260491747557201
G2_lossy_high_expansion_mid_friction,a150_mu030_g020,G2,22,hot,7665,0.1,767,0.5097783572359843,0.2475872066253129,0.0542079730014764,0.4887423547979975
G2_lossy_high_expansion_mid_friction,a150_mu030_g020,G2,22,hot,7665,0.2,1533,0.5212002609262884,0.347157448130608,0.0780426070449272,0.6746854943282825
G2_lossy_high_expansion_mid_friction,a150_mu030_g020,G2,22,hot,7665,0.4,3066,0.5228310502283106,0.4457537206950678,0.1092596498628981,0.8622247130979548
G2_lossy_high_expansion_mid_friction,a150_mu030_g020,G2,22,hot,7665,0.8,6132,0.5132093933463796,0.5107592950515253,0.2214722632356043,0.9909153840557822
G2_lossy_high_expansion_mid_friction,a150_mu030_g020,G2,22,hot,7665,1.0,7665,0.5309849967384214,0.5159851224375479,0.2792659776418477,0.9999999999999984
G2_lossy_high_expansion_mid_friction,a150_mu030_g020,G2,23,cold,3866,0.01,39,0.4615384615384615,0.0236115968507513,0.0010964912280701,0.0509285896089044
G2_lossy_high_expansion_mid_friction,a150_mu030_g020,G2,23,cold,3866,0.02,78,0.4743589743589743,0.0442176738616929,0.0010964912280701,0.093133223268632
G2_lossy_high_expansion_mid_friction,a150_mu030_g020,G2,23,cold,3866,0.05,194,0.4948453608247423,0.0979483564336425,0.0014619883040935,0.1990309785422648
G2_lossy_high_expansion_mid_friction,a150_mu030_g020,G2,23,cold,3866,0.1,387,0.4857881136950904,0.1613121408129855,0.0018274853801169,0.3318719296897183
G2_lossy_high_expansion_mid_friction,a150_mu030_g020,G2,23,cold,3866,0.2,774,0.4909560723514212,0.2584907856450615,0.0036549707602339,0.5279281194135644
G2_lossy_high_expansion_mid_friction,a150_mu030_g020,G2,23,cold,3866,0.4,1547,0.4919198448610213,0.3817797543720994,0.0069444444444444,0.7781221826462161
G2_lossy_high_expansion_mid_friction,a150_mu030_g020,G2,23,cold,3866,0.8,3093,0.4966052376333656,0.4845267037240605,0.0179093567251461,0.982837229716806
G2_lossy_high_expansion_mid_friction,a150_mu030_g020,G2,23,cold,3866,1.0,3866,0.5036213140196586,0.4932047022860172,0.0380116959064327,0.9999999999999972
G2_lossy_high_expansion_mid_friction,a150_mu030_g020,G2,23,hot,18958,0.01,190,0.5,0.0506881374214447,0.0063389209747851,0.1015078324588901
G2_lossy_high_expansion_mid_friction,a150_mu030_g020,G2,23,hot,18958,0.02,380,0.4973684210526315,0.080887431631417,0.0105648682913086,0.1625802951611475
G2_lossy_high_expansion_mid_friction,a150_mu030_g020,G2,23,hot,18958,0.05,948,0.510548523206751,0.1454521245280927,0.0398647696858712,0.2865342253313632
G2_lossy_high_expansion_mid_friction,a150_mu030_g020,G2,23,hot,18958,0.1,1896,0.5210970464135021,0.2176095993788308,0.0605719115368361,0.4221456682267694
G2_lossy_high_expansion_mid_friction,a150_mu030_g020,G2,23,hot,18958,0.2,3792,0.5282172995780591,0.3134501326594166,0.1017044654176644,0.6011409622383542
G2_lossy_high_expansion_mid_friction,a150_mu030_g020,G2,23,hot,18958,0.4,7584,0.5392932489451476,0.4284310554969326,0.2858149035075363,0.8109953557628624
G2_lossy_high_expansion_mid_friction,a150_mu030_g020,G2,23,hot,18958,0.8,15167,0.6044702314234852,0.5415262158763836,0.737286941822792,0.9846195245540336
G2_lossy_high_expansion_mid_friction,a150_mu030_g020,G2,23,hot,18958,1.0,18958,0.6453739845975314,0.5535073643866865,0.8623749823918861,0.999999999999997
G2_lossy_high_expansion_mid_friction,a150_mu030_g020,G2,24,cold,2145,0.01,22,0.4545454545454545,0.0272709128201649,0.0012004801920768,0.0597930431115783
G2_lossy_high_expansion_mid_friction,a150_mu030_g020,G2,24,cold,2145,0.02,43,0.4883720930232558,0.0493129036086758,0.0018007202881152,0.1014807555618215
G2_lossy_high_expansion_mid_friction,a150_mu030_g020,G2,24,cold,2145,0.05,108,0.4814814814814814,0.0983373343668954,0.0024009603841536,0.2048547998560536
G2_lossy_high_expansion_mid_friction,a150_mu030_g020,G2,24,cold,2145,0.1,215,0.4837209302325581,0.1614934308428267,0.003001200480192,0.3347965134691565
G2_lossy_high_expansion_mid_friction,a150_mu030_g020,G2,24,cold,2145,0.2,429,0.4871794871794871,0.2552564781610716,0.0036014405762304,0.5257310643626268
G2_lossy_high_expansion_mid_friction,a150_mu030_g020,G2,24,cold,2145,0.4,858,0.493006993006993,0.3783905195152933,0.0048019207683073,0.772840321097321
G2_lossy_high_expansion_mid_friction,a150_mu030_g020,G2,24,cold,2145,0.8,1716,0.4912587412587412,0.4808524454338792,0.0168067226890756,0.9825618871907076
G2_lossy_high_expansion_mid_friction,a150_mu030_g020,G2,24,cold,2145,1.0,2145,0.4979020979020979,0.4892900695359979,0.0192076830732292,1.0000000000000004
G2_lossy_high_expansion_mid_friction,a150_mu030_g020,G2,24,hot,7187,0.01,72,0.5,0.0582253743128321,0.0043706293706293,0.1168909298326222
G2_lossy_high_expansion_mid_friction,a150_mu030_g020,G2,24,hot,7187,0.02,144,0.5069444444444444,0.0991810689191501,0.0089597902097902,0.1965828014284955
G2_lossy_high_expansion_mid_friction,a150_mu030_g020,G2,24,hot,7187,0.05,360,0.5111111111111111,0.1823679507579972,0.0196678321678321,0.3576371775568271
G2_lossy_high_expansion_mid_friction,a150_mu030_g020,G2,24,hot,7187,0.1,719,0.5159944367176634,0.2627877952794178,0.0437062937062937,0.5119230993592518
G2_lossy_high_expansion_mid_friction,a150_mu030_g020,G2,24,hot,7187,0.2,1438,0.5222531293463143,0.357387931923393,0.076048951048951,0.6915549907765022
G2_lossy_high_expansion_mid_friction,a150_mu030_g020,G2,24,hot,7187,0.4,2875,0.5234782608695652,0.4515184251335021,0.1158216783216783,0.8708409187675552
G2_lossy_high_expansion_mid_friction,a150_mu030_g020,G2,24,hot,7187,0.8,5750,0.5158260869565218,0.5126152081837212,0.2097902097902098,0.9911085881588592
G2_lossy_high_expansion_mid_friction,a150_mu030_g020,G2,24,hot,7187,1.0,7187,0.5260887713927925,0.517384369345064,0.2611451048951049,0.9999999999999988
G2_lossy_high_expansion_mid_friction,a150_mu030_g020,G2,25,cold,4736,0.01,48,0.4583333333333333,0.0214434068073245,0.0009852216748768,0.046443877619412
G2_lossy_high_expansion_mid_friction,a150_mu030_g020,G2,25,cold,4736,0.02,95,0.4842105263157895,0.0403340247722123,0.0009852216748768,0.0833889948714818
G2_lossy_high_expansion_mid_friction,a150_mu030_g020,G2,25,cold,4736,0.05,237,0.4894514767932489,0.0870126690717533,0.0019704433497536,0.1781691391921861
G2_lossy_high_expansion_mid_friction,a150_mu030_g020,G2,25,cold,4736,0.1,474,0.4810126582278481,0.1467406199253444,0.0029556650246305,0.3043648996966287
G2_lossy_high_expansion_mid_friction,a150_mu030_g020,G2,25,cold,4736,0.2,948,0.4894514767932489,0.2424658850425772,0.0049261083743842,0.4961559028098095
G2_lossy_high_expansion_mid_friction,a150_mu030_g020,G2,25,cold,4736,0.4,1895,0.4928759894459102,0.3689274189708595,0.0292282430213464,0.7511992588833705
G2_lossy_high_expansion_mid_friction,a150_mu030_g020,G2,25,cold,4736,0.8,3789,0.5019794140934284,0.4848235329461293,0.1773399014778325,0.979000332283358
G2_lossy_high_expansion_mid_friction,a150_mu030_g020,G2,25,cold,4736,1.0,4736,0.5149915540540541,0.4961719151652833,0.2131362889983579,1.0000000000000009
G2_lossy_high_expansion_mid_friction,a150_mu030_g020,G2,25,hot,17521,0.01,176,0.4943181818181818,0.0608972798352553,0.010701373825018,0.1228101349094341
G2_lossy_high_expansion_mid_friction,a150_mu030_g020,G2,25,hot,17521,0.02,351,0.4985754985754986,0.0904433904212574,0.0161966738973246,0.181081173353729
G2_lossy_high_expansion_mid_friction,a150_mu030_g020,G2,25,hot,17521,0.05,877,0.5039908779931584,0.150389089211173,0.0258857556037599,0.2987517529596081
G2_lossy_high_expansion_mid_friction,a150_mu030_g020,G2,25,hot,17521,0.1,1753,0.5077010838562465,0.2194283167393395,0.0464208242950108,0.4333349824705706
G2_lossy_high_expansion_mid_friction,a150_mu030_g020,G2,25,hot,17521,0.2,3505,0.5121255349500713,0.3112135344318394,0.081995661605206,0.6107809749230927
G2_lossy_high_expansion_mid_friction,a150_mu030_g020,G2,25,hot,17521,0.4,7009,0.5266086460265373,0.4226677125620957,0.2631959508315257,0.8176441647366662
G2_lossy_high_expansion_mid_friction,a150_mu030_g020,G2,25,hot,17521,0.8,14017,0.5860027109937932,0.5276289535204184,0.7331887201735358,0.9855166693142596
G2_lossy_high_expansion_mid_friction,a150_mu030_g020,G2,25,hot,17521,1.0,17521,0.6289024599052565,0.538779891753017,0.8468546637744034,0.9999999999999972
G2_lossy_high_expansion_mid_friction,a150_mu030_g020,G2,26,cold,2297,0.01,23,0.4782608695652174,0.0272839812981086,0.001132502831257,0.0568261973743089
G2_lossy_high_expansion_mid_friction,a150_mu030_g020,G2,26,cold,2297,0.02,46,0.5,0.0490658157173803,0.001132502831257,0.0987821814930919
G2_lossy_high_expansion_mid_friction,a150_mu030_g020,G2,26,cold,2297,0.05,115,0.4956521739130435,0.0990331180779166,0.0016987542468856,0.2008861642645348
G2_lossy_high_expansion_mid_friction,a150_mu030_g020,G2,26,cold,2297,0.1,230,0.4695652173913043,0.1570537132692304,0.0022650056625141,0.3314061960296035
G2_lossy_high_expansion_mid_friction,a150_mu030_g020,G2,26,cold,2297,0.2,460,0.4891304347826087,0.2592918337216408,0.0028312570781426,0.5318011785846422
G2_lossy_high_expansion_mid_friction,a150_mu030_g020,G2,26,cold,2297,0.4,919,0.4885745375408052,0.3824873809085814,0.0050962627406568,0.7829751472519754
G2_lossy_high_expansion_mid_friction,a150_mu030_g020,G2,26,cold,2297,0.8,1838,0.4912948857453754,0.4819384632649248,0.0135900339750849,0.9829728690899756
G2_lossy_high_expansion_mid_friction,a150_mu030_g020,G2,26,cold,2297,1.0,2297,0.499346974314323,0.4904141274882223,0.0249150622876557,1.0000000000000018
G2_lossy_high_expansion_mid_friction,a150_mu030_g020,G2,26,hot,7875,0.01,79,0.4936708860759494,0.0525343611584706,0.0020868113522537,0.1064305782745357
G2_lossy_high_expansion_mid_friction,a150_mu030_g020,G2,26,hot,7875,0.02,158,0.4936708860759494,0.0898868527333193,0.005008347245409,0.1820045208295563
G2_lossy_high_expansion_mid_friction,a150_mu030_g020,G2,26,hot,7875,0.05,394,0.5253807106598984,0.1809187525019036,0.0340150250417362,0.3495521522521255
G2_lossy_high_expansion_mid_friction,a150_mu030_g020,G2,26,hot,7875,0.1,788,0.5431472081218274,0.2703716489575773,0.0569699499165275,0.5104247664865759
G2_lossy_high_expansion_mid_friction,a150_mu030_g020,G2,26,hot,7875,0.2,1575,0.5441269841269841,0.3683801582948463,0.0809682804674457,0.689675639546182
G2_lossy_high_expansion_mid_friction,a150_mu030_g020,G2,26,hot,7875,0.4,3150,0.5304761904761904,0.4618659234065792,0.1214524207011686,0.8703614876844427
G2_lossy_high_expansion_mid_friction,a150_mu030_g020,G2,26,hot,7875,0.8,6300,0.5193650793650794,0.5235619546006676,0.2445742904841402,0.9914556556867616
G2_lossy_high_expansion_mid_friction,a150_mu030_g020,G2,26,hot,7875,1.0,7875,0.5332063492063492,0.5282975441515124,0.3215776293823038,0.9999999999999948
G2_lossy_high_expansion_mid_friction,a150_mu030_g020,G2,27,cold,4179,0.01,42,0.4761904761904761,0.0253566626764407,0.0013797861331493,0.0532249598921632
G2_lossy_high_expansion_mid_friction,a150_mu030_g020,G2,27,cold,4179,0.02,84,0.4761904761904761,0.0454096463928035,0.0017247326664367,0.0952283447144803
G2_lossy_high_expansion_mid_friction,a150_mu030_g020,G2,27,cold,4179,0.05,209,0.492822966507177,0.0957701260666901,0.0058640910658847,0.1950149349752901
G2_lossy_high_expansion_mid_friction,a150_mu030_g020,G2,27,cold,4179,0.1,418,0.4880382775119617,0.1579764810455907,0.0082787167988961,0.3238002851186718
G2_lossy_high_expansion_mid_friction,a150_mu030_g020,G2,27,cold,4179,0.2,836,0.492822966507177,0.254559426552178,0.0169023801310796,0.5183982184712045
G2_lossy_high_expansion_mid_friction,a150_mu030_g020,G2,27,cold,4179,0.4,1672,0.4976076555023923,0.3805963158345058,0.0386340117281821,0.7703852413225689
G2_lossy_high_expansion_mid_friction,a150_mu030_g020,G2,27,cold,4179,0.8,3344,0.4973086124401913,0.4852112090358804,0.0986547085201793,0.981209329201006
G2_lossy_high_expansion_mid_friction,a150_mu030_g020,G2,27,cold,4179,1.0,4179,0.5082555635319455,0.4951462268808475,0.1245256985167299,1.000000000000001
G2_lossy_high_expansion_mid_friction,a150_mu030_g020,G2,27,hot,18052,0.01,181,0.5082872928176796,0.0593381653667303,0.0075530853641157,0.1172832094929508
G2_lossy_high_expansion_mid_friction,a150_mu030_g020,G2,27,hot,18052,0.02,362,0.5248618784530387,0.0965573276846632,0.016531281174291,0.186226049268275
G2_lossy_high_expansion_mid_friction,a150_mu030_g020,G2,27,hot,18052,0.05,903,0.5348837209302325,0.1673880324559294,0.0336326065270058,0.3176730989412231
G2_lossy_high_expansion_mid_friction,a150_mu030_g020,G2,27,hot,18052,0.1,1806,0.5282392026578073,0.2376353122335087,0.0514464871027504,0.4526060255252342
G2_lossy_high_expansion_mid_friction,a150_mu030_g020,G2,27,hot,18052,0.2,3611,0.5267238991968983,0.3282373274059426,0.0994727091349579,0.6251225550612479
G2_lossy_high_expansion_mid_friction,a150_mu030_g020,G2,27,hot,18052,0.4,7221,0.5341365461847389,0.436899145166268,0.2496793501496366,0.826472999453911
G2_lossy_high_expansion_mid_friction,a150_mu030_g020,G2,27,hot,18052,0.8,14442,0.5915385680653649,0.5373197416951382,0.7350719680775261,0.986321773689911
G2_lossy_high_expansion_mid_friction,a150_mu030_g020,G2,27,hot,18052,1.0,18052,0.6338909816086861,0.5480465715005491,0.8530711130112584,0.9999999999999905
G2_lossy_high_expansion_mid_friction,a150_mu030_g020,G2,28,cold,2166,0.01,22,0.4545454545454545,0.0290327294507438,0.0011771630370806,0.0633785999268695
G2_lossy_high_expansion_mid_friction,a150_mu030_g020,G2,28,cold,2166,0.02,44,0.4772727272727273,0.0518199644445184,0.0011771630370806,0.1087607990136606
G2_lossy_high_expansion_mid_friction,a150_mu030_g020,G2,28,cold,2166,0.05,109,0.4954128440366973,0.1063665840660814,0.0017657445556209,0.2163129007968771
G2_lossy_high_expansion_mid_friction,a150_mu030_g020,G2,28,cold,2166,0.1,217,0.4930875576036866,0.1736482721229492,0.0023543260741612,0.3543890337566333
G2_lossy_high_expansion_mid_friction,a150_mu030_g020,G2,28,cold,2166,0.2,434,0.4930875576036866,0.2697932315229622,0.0029429075927015,0.5502321588745599
G2_lossy_high_expansion_mid_friction,a150_mu030_g020,G2,28,cold,2166,0.4,867,0.4936562860438293,0.3885863604881993,0.0041200706297822,0.7923897779402451
G2_lossy_high_expansion_mid_friction,a150_mu030_g020,G2,28,cold,2166,0.8,1733,0.4910559723023658,0.4818806011299076,0.011183048852266,0.9839064300545418
G2_lossy_high_expansion_mid_friction,a150_mu030_g020,G2,28,cold,2166,1.0,2166,0.4972299168975069,0.4898558188305004,0.0206003531489111,1.0000000000000004
G2_lossy_high_expansion_mid_friction,a150_mu030_g020,G2,28,hot,7766,0.01,78,0.4743589743589743,0.0507842044094523,0.0018935409215232,0.1062359587358986
G2_lossy_high_expansion_mid_friction,a150_mu030_g020,G2,28,hot,7766,0.02,156,0.5,0.0926652022378691,0.0046286555859457,0.1857164391948228
G2_lossy_high_expansion_mid_friction,a150_mu030_g020,G2,28,hot,7766,0.05,389,0.5012853470437018,0.1772152977840817,0.0319798022301704,0.353987915393482
G2_lossy_high_expansion_mid_friction,a150_mu030_g020,G2,28,hot,7766,0.1,777,0.5353925353925354,0.2808827271604296,0.0631180307174416,0.5367602665240387
G2_lossy_high_expansion_mid_friction,a150_mu030_g020,G2,28,hot,7766,0.2,1554,0.5540540540540541,0.3910175215042569,0.0906795707973911,0.7267715965006095
G2_lossy_high_expansion_mid_friction,a150_mu030_g020,G2,28,hot,7766,0.4,3107,0.5429674927582877,0.4788575987636906,0.1296023564064801,0.8915542025782489
G2_lossy_high_expansion_mid_friction,a150_mu030_g020,G2,28,hot,7766,0.8,6213,0.5229357798165137,0.5298441779123833,0.2396381232905533,0.99283186655558
G2_lossy_high_expansion_mid_friction,a150_mu030_g020,G2,28,hot,7766,1.0,7766,0.5346381663662116,0.5337706947721182,0.303808121186619,0.9999999999999996
G2_lossy_high_expansion_mid_friction,a150_mu030_g020,G2,29,cold,4824,0.01,49,0.4897959183673469,0.0244491413975761,0.0026075619295958,0.0499686113122689
G2_lossy_high_expansion_mid_friction,a150_mu030_g020,G2,29,cold,4824,0.02,97,0.4845360824742268,0.04251364149595,0.0029335071707953,0.0876322227380265
G2_lossy_high_expansion_mid_friction,a150_mu030_g020,G2,29,cold,4824,0.05,242,0.4876033057851239,0.0884071833122971,0.0029335071707953,0.1814589182788908
G2_lossy_high_expansion_mid_friction,a150_mu030_g020,G2,29,cold,4824,0.1,483,0.494824016563147,0.1522096727080631,0.0081486310299869,0.3088997242537685
G2_lossy_high_expansion_mid_friction,a150_mu030_g020,G2,29,cold,4824,0.2,965,0.4880829015544041,0.2471659144795298,0.0159713168187744,0.506040994306534
G2_lossy_high_expansion_mid_friction,a150_mu030_g020,G2,29,cold,4824,0.4,1930,0.5005181347150259,0.3808219504244562,0.0586701434159061,0.7663276031351282
G2_lossy_high_expansion_mid_friction,a150_mu030_g020,G2,29,cold,4824,0.8,3860,0.5106217616580311,0.4932123803920086,0.1936114732724902,0.9823711017096154
G2_lossy_high_expansion_mid_friction,a150_mu030_g020,G2,29,cold,4824,1.0,4824,0.5217661691542289,0.5028027182494214,0.2640156453715775,0.999999999999999
G2_lossy_high_expansion_mid_friction,a150_mu030_g020,G2,29,hot,17130,0.01,172,0.5,0.0566084193268155,0.0061117578579743,0.1133497873556974
G2_lossy_high_expansion_mid_friction,a150_mu030_g020,G2,29,hot,17130,0.02,343,0.5043731778425656,0.0912345687132992,0.0160069848661234,0.1813773644369605
G2_lossy_high_expansion_mid_friction,a150_mu030_g020,G2,29,hot,17130,0.05,857,0.5239206534422404,0.1643910098537778,0.0317229336437718,0.3171967466993202
G2_lossy_high_expansion_mid_friction,a150_mu030_g020,G2,29,hot,17130,0.1,1713,0.5318155283129014,0.2396609298606999,0.0520954598370197,0.4560766594749939
G2_lossy_high_expansion_mid_friction,a150_mu030_g020,G2,29,hot,17130,0.2,3426,0.524810274372446,0.3298479249167691,0.0878928987194412,0.6299083227280657
G2_lossy_high_expansion_mid_friction,a150_mu030_g020,G2,29,hot,17130,0.4,6852,0.5326911850554582,0.437072626648002,0.2492724097788125,0.8294093471437886
G2_lossy_high_expansion_mid_friction,a150_mu030_g020,G2,29,hot,17130,0.8,13704,0.5861792177466433,0.5347937737847602,0.6967403958090803,0.9866991453051132
G2_lossy_high_expansion_mid_friction,a150_mu030_g020,G2,29,hot,17130,1.0,17130,0.6247518972562756,0.5447634906442314,0.8361466821885913,1.000000000000004
G2_lossy_high_expansion_mid_friction,a150_mu030_g020,G2,30,cold,2127,0.01,22,0.4545454545454545,0.0249038802075302,0.0017846519928613,0.0545225686600326
G2_lossy_high_expansion_mid_friction,a150_mu030_g020,G2,30,cold,2127,0.02,43,0.4651162790697674,0.0434952820925188,0.0017846519928613,0.0936084212077926
G2_lossy_high_expansion_mid_friction,a150_mu030_g020,G2,30,cold,2127,0.05,107,0.4766355140186916,0.094394157092854,0.0017846519928613,0.1985568442097436
G2_lossy_high_expansion_mid_friction,a150_mu030_g020,G2,30,cold,2127,0.1,213,0.4929577464788732,0.1639817316090207,0.0017846519928613,0.3354554950226506
G2_lossy_high_expansion_mid_friction,a150_mu030_g020,G2,30,cold,2127,0.2,426,0.4788732394366197,0.255684620857528,0.0029744199881023,0.5320119320505832
G2_lossy_high_expansion_mid_friction,a150_mu030_g020,G2,30,cold,2127,0.4,851,0.4900117508813161,0.3797539688482402,0.0041641879833432,0.7781531196037895
G2_lossy_high_expansion_mid_friction,a150_mu030_g020,G2,30,cold,2127,0.8,1702,0.4870740305522914,0.4793863649963117,0.0089232599643069,0.9817844615134208
G2_lossy_high_expansion_mid_friction,a150_mu030_g020,G2,30,cold,2127,1.0,2127,0.4960037611659614,0.4887176358163726,0.0089232599643069,1.000000000000003
G2_lossy_high_expansion_mid_friction,a150_mu030_g020,G2,30,hot,7584,0.01,76,0.4868421052631579,0.0604034576029098,0.0027322404371584,0.1236281684534948
G2_lossy_high_expansion_mid_friction,a150_mu030_g020,G2,30,hot,7584,0.02,152,0.506578947368421,0.1038140671556093,0.0081967213114754,0.2061943421378874
G2_lossy_high_expansion_mid_friction,a150_mu030_g020,G2,30,hot,7584,0.05,380,0.5052631578947369,0.1819509383991069,0.0285834384195039,0.361396657209999
G2_lossy_high_expansion_mid_friction,a150_mu030_g020,G2,30,hot,7584,0.1,759,0.5230566534914362,0.2640340445300277,0.0474989491382934,0.5135136655522645
G2_lossy_high_expansion_mid_friction,a150_mu030_g020,G2,30,hot,7584,0.2,1517,0.5293342122610415,0.3597548577236266,0.0771332492643968,0.6922982638853933
G2_lossy_high_expansion_mid_friction,a150_mu030_g020,G2,30,hot,7584,0.4,3034,0.527686222808174,0.4537433765097901,0.1090794451450189,0.8703997523057297
G2_lossy_high_expansion_mid_friction,a150_mu030_g020,G2,30,hot,7584,0.8,6068,0.5143375082399473,0.5146648118161878,0.212484237074401,0.9915767044952788
G2_lossy_high_expansion_mid_friction,a150_mu030_g020,G2,30,hot,7584,1.0,7584,0.5270305907172996,0.5192794010422342,0.2889869693148382,0.9999999999999984
G3_buffered_low_expansion_high_friction,a050_mu060_g020,G3,1,cold,13920,0.01,140,0.4928571428571429,0.0219287317794338,0.0007291286912139,0.0445009324336327
G3_buffered_low_expansion_high_friction,a050_mu060_g020,G3,1,cold,13920,0.02,279,0.4982078853046595,0.039508157284305,0.0009114108640174,0.0794532846308773
G3_buffered_low_expansion_high_friction,a050_mu060_g020,G3,1,cold,13920,0.05,696,0.4942528735632184,0.0821310470383672,0.0021873860736419,0.1661887347286965
G3_buffered_low_expansion_high_friction,a050_mu060_g020,G3,1,cold,13920,0.1,1392,0.4964080459770115,0.1405419896429658,0.0065621582209259,0.2834297932811241
G3_buffered_low_expansion_high_friction,a050_mu060_g020,G3,1,cold,13920,0.2,2784,0.5032327586206896,0.2343139197155403,0.0725483047757929,0.4678033421998496
G3_buffered_low_expansion_high_friction,a050_mu060_g020,G3,1,cold,13920,0.4,5568,0.5328663793103449,0.3776110854683169,0.3780532263944586,0.7242760632842256
G3_buffered_low_expansion_high_friction,a050_mu060_g020,G3,1,cold,13920,0.8,11136,0.6069504310344828,0.5451558419387621,0.7196500182282173,0.9740162680669436
G3_buffered_low_expansion_high_friction,a050_mu060_g020,G3,1,cold,13920,1.0,13920,0.632183908045977,0.5638954617294968,0.8443310244258112,0.9999999999999908
G3_buffered_low_expansion_high_friction,a050_mu060_g020,G3,1,hot,5380,0.01,54,0.4814814814814814,0.0597232399425591,0.0007688364941055,0.1236865845919222
G3_buffered_low_expansion_high_friction,a050_mu060_g020,G3,1,hot,5380,0.02,108,0.4907407407407407,0.0908482020708955,0.0007688364941055,0.1860853868953322
G3_buffered_low_expansion_high_friction,a050_mu060_g020,G3,1,hot,5380,0.05,269,0.4907063197026022,0.1540193073168032,0.0015376729882111,0.3155738423225021
G3_buffered_low_expansion_high_friction,a050_mu060_g020,G3,1,hot,5380,0.1,538,0.4869888475836431,0.2223761836768547,0.0020502306509482,0.4571059318068872
G3_buffered_low_expansion_high_friction,a050_mu060_g020,G3,1,hot,5380,0.2,1076,0.4888475836431227,0.3127309232771467,0.0025627883136852,0.6409488042406362
G3_buffered_low_expansion_high_friction,a050_mu060_g020,G3,1,hot,5380,0.4,2152,0.4883828996282527,0.4122630132193497,0.0058944131214761,0.8444124531335617
G3_buffered_low_expansion_high_friction,a050_mu060_g020,G3,1,hot,5380,0.8,4304,0.4897769516728624,0.4833236011108015,0.0156330087134802,0.989496212682454
G3_buffered_low_expansion_high_friction,a050_mu060_g020,G3,1,hot,5380,1.0,5380,0.4983271375464684,0.4884329760158467,0.0187083546899026,0.9999999999999962
G3_buffered_low_expansion_high_friction,a050_mu060_g020,G3,2,cold,17119,0.01,172,0.4941860465116279,0.0197296507994815,0.0008220979940808,0.0399217750132171
G3_buffered_low_expansion_high_friction,a050_mu060_g020,G3,2,cold,17119,0.02,343,0.4927113702623906,0.0355027530056186,0.0013153567905294,0.0720044968480663
G3_buffered_low_expansion_high_friction,a050_mu060_g020,G3,2,cold,17119,0.05,856,0.4929906542056075,0.0757955054054235,0.0026307135810588,0.1536386829635086
G3_buffered_low_expansion_high_friction,a050_mu060_g020,G3,2,cold,17119,0.1,1712,0.495911214953271,0.131870585826015,0.0065767839526471,0.2659995681748062
G3_buffered_low_expansion_high_friction,a050_mu060_g020,G3,2,cold,17119,0.2,3424,0.5023364485981309,0.2240295219373154,0.069878329496876,0.4472673723343722
G3_buffered_low_expansion_high_friction,a050_mu060_g020,G3,2,cold,17119,0.4,6848,0.5530081775700935,0.378655709248613,0.4447550147977639,0.7056693304324761
G3_buffered_low_expansion_high_friction,a050_mu060_g020,G3,2,cold,17119,0.8,13696,0.6339077102803738,0.566283383256088,0.7829661295626439,0.9705655339917476
G3_buffered_low_expansion_high_friction,a050_mu060_g020,G3,2,cold,17119,1.0,17119,0.659033822069046,0.5885008760570782,0.9123643538309768,1.000000000000008
G3_buffered_low_expansion_high_friction,a050_mu060_g020,G3,2,hot,20212,0.01,203,0.4926108374384236,0.0411730778302377,0.0052766878636179,0.0833621809009691
G3_buffered_low_expansion_high_friction,a050_mu060_g020,G3,2,hot,20212,0.02,405,0.4962962962962963,0.0675897598559002,0.006629684751725,0.1360569696731539
G3_buffered_low_expansion_high_friction,a050_mu060_g020,G3,2,hot,20212,0.05,1011,0.5044510385756676,0.1275845295052946,0.0299012312271681,0.2536566252283124
G3_buffered_low_expansion_high_friction,a050_mu060_g020,G3,2,hot,20212,0.1,2022,0.5252225519287834,0.2020200494703758,0.0986334731430117,0.3902056009554212
G3_buffered_low_expansion_high_friction,a050_mu060_g020,G3,2,hot,20212,0.2,4043,0.5528073212960672,0.3082243830400873,0.1900960627790556,0.5732455273330146
G3_buffered_low_expansion_high_friction,a050_mu060_g020,G3,2,hot,20212,0.4,8085,0.5826839826839827,0.443785039432494,0.362197266946286,0.7947070571291862
G3_buffered_low_expansion_high_friction,a050_mu060_g020,G3,2,hot,20212,0.8,16170,0.6249845392702535,0.5668004966530287,0.7396833987281829,0.982422170935284
G3_buffered_low_expansion_high_friction,a050_mu060_g020,G3,2,hot,20212,1.0,20212,0.6504551751434792,0.5796273312472997,0.8887836557975917,0.9999999999999872
G3_buffered_low_expansion_high_friction,a050_mu060_g020,G3,3,cold,15697,0.01,157,0.4904458598726114,0.0197009192135924,0.0009035056017347,0.0401226916471567
G3_buffered_low_expansion_high_friction,a050_mu060_g020,G3,3,cold,15697,0.02,314,0.4936305732484076,0.0359260177015914,0.0010842067220816,0.0727470762791399
G3_buffered_low_expansion_high_friction,a050_mu060_g020,G3,3,cold,15697,0.05,785,0.4955414012738853,0.0766931633053715,0.0023491145645103,0.1548087107116373
G3_buffered_low_expansion_high_friction,a050_mu060_g020,G3,3,cold,15697,0.1,1570,0.497452229299363,0.1330491568297458,0.0052403324900614,0.2677307047835073
G3_buffered_low_expansion_high_friction,a050_mu060_g020,G3,3,cold,15697,0.2,3140,0.5015923566878981,0.2241389203294546,0.0348753162269606,0.4481577437745663
G3_buffered_low_expansion_high_friction,a050_mu060_g020,G3,3,cold,15697,0.4,6279,0.546583850931677,0.3759587507497476,0.4475966750993856,0.7074098842754574
G3_buffered_low_expansion_high_friction,a050_mu060_g020,G3,3,cold,15697,0.8,12558,0.6359292881032012,0.5649187071763517,0.7849656667871341,0.9712383860210227
G3_buffered_low_expansion_high_friction,a050_mu060_g020,G3,3,cold,15697,1.0,15697,0.6630566350258011,0.5868626652315817,0.9035056017347308,1.0000000000000016
G3_buffered_low_expansion_high_friction,a050_mu060_g020,G3,3,hot,21107,0.01,212,0.5,0.0427325312290044,0.0023727919852359,0.0855412765565251
G3_buffered_low_expansion_high_friction,a050_mu060_g020,G3,3,hot,21107,0.02,423,0.4988179669030733,0.0728061822533388,0.002636435539151,0.1460035579118935
G3_buffered_low_expansion_high_friction,a050_mu060_g020,G3,3,hot,21107,0.05,1056,0.5142045454545454,0.141376869227801,0.023596098075402,0.2772651579871803
G3_buffered_low_expansion_high_friction,a050_mu060_g020,G3,3,hot,21107,0.1,2111,0.541923259118901,0.2235539829599124,0.1087529659899815,0.4222106352225632
G3_buffered_low_expansion_high_friction,a050_mu060_g020,G3,3,hot,21107,0.2,4222,0.5672666982472762,0.3322374486067169,0.2121012391247034,0.6062240657208439
G3_buffered_low_expansion_high_friction,a050_mu060_g020,G3,3,hot,21107,0.4,8443,0.6023925145090607,0.4664750478651031,0.3855786976008437,0.8174222588041793
G3_buffered_low_expansion_high_friction,a050_mu060_g020,G3,3,hot,21107,0.8,16886,0.6362667298353666,0.5785464480595981,0.7192196150804113,0.9856821725254584
G3_buffered_low_expansion_high_friction,a050_mu060_g020,G3,3,hot,21107,1.0,21107,0.6557066376083763,0.5887685325957217,0.8826786185077775,0.9999999999999865
G3_buffered_low_expansion_high_friction,a050_mu060_g020,G3,4,cold,15865,0.01,159,0.4968553459119497,0.0195829937874349,0.0012905604719764,0.0394424586223213
G3_buffered_low_expansion_high_friction,a050_mu060_g020,G3,4,cold,15865,0.02,318,0.4937106918238994,0.0350219438324616,0.0014749262536873,0.0709316624247832
G3_buffered_low_expansion_high_friction,a050_mu060_g020,G3,4,cold,15865,0.05,794,0.4949622166246851,0.0751621546702002,0.0025811209439528,0.1518852888705061
G3_buffered_low_expansion_high_friction,a050_mu060_g020,G3,4,cold,15865,0.1,1587,0.497164461247637,0.1308063353879037,0.0073746312684365,0.2632972794643158
G3_buffered_low_expansion_high_friction,a050_mu060_g020,G3,4,cold,15865,0.2,3173,0.5007878978884337,0.2207034243016657,0.0339233038348082,0.4417305415375499
G3_buffered_low_expansion_high_friction,a050_mu060_g020,G3,4,cold,15865,0.4,6346,0.5480617711944532,0.3733593487256752,0.4657079646017699,0.7009154661212694
G3_buffered_low_expansion_high_friction,a050_mu060_g020,G3,4,cold,15865,0.8,12692,0.6415852505515285,0.5668495405289657,0.8064159292035398,0.9687202619735296
G3_buffered_low_expansion_high_friction,a050_mu060_g020,G3,4,cold,15865,1.0,15865,0.6695241096753861,0.5910020493254526,0.9275442477876106,1.0000000000000004
G3_buffered_low_expansion_high_friction,a050_mu060_g020,G3,4,hot,18893,0.01,189,0.5026455026455027,0.0454435508407425,0.0022050716648291,0.0905599142580925
G3_buffered_low_expansion_high_friction,a050_mu060_g020,G3,4,hot,18893,0.02,378,0.4973544973544973,0.0763555776349357,0.0073042998897464,0.1532412564882624
G3_buffered_low_expansion_high_friction,a050_mu060_g020,G3,4,hot,18893,0.05,945,0.5153439153439153,0.1457032097552358,0.037348401323043,0.2850321108383024
G3_buffered_low_expansion_high_friction,a050_mu060_g020,G3,4,hot,18893,0.1,1890,0.5333333333333333,0.2247790427989308,0.1011576626240352,0.4289616387626795
G3_buffered_low_expansion_high_friction,a050_mu060_g020,G3,4,hot,18893,0.2,3779,0.5602011114051336,0.333199503572638,0.1974917309812568,0.61400915340048
G3_buffered_low_expansion_high_friction,a050_mu060_g020,G3,4,hot,18893,0.4,7558,0.5944694363588251,0.4643287164327632,0.3616317530319735,0.8229333136641163
G3_buffered_low_expansion_high_friction,a050_mu060_g020,G3,4,hot,18893,0.8,15115,0.6257360238173999,0.5709843921244263,0.6627618522601985,0.9865900315026718
G3_buffered_low_expansion_high_friction,a050_mu060_g020,G3,4,hot,18893,1.0,18893,0.640766421425925,0.5800190191845958,0.8238699007717751,1.0000000000000004
G3_buffered_low_expansion_high_friction,a050_mu060_g020,G3,5,cold,14814,0.01,149,0.4966442953020134,0.020428029146859,0.0007735447689035,0.0411491099894744
G3_buffered_low_expansion_high_friction,a050_mu060_g020,G3,5,cold,14814,0.02,297,0.494949494949495,0.0362775671235611,0.001547089537807,0.0732722271043583
G3_buffered_low_expansion_high_friction,a050_mu060_g020,G3,5,cold,14814,0.05,741,0.49527665317139,0.0765947298517782,0.0021272481144846,0.1546734152098266
G3_buffered_low_expansion_high_friction,a050_mu060_g020,G3,5,cold,14814,0.1,1482,0.4939271255060729,0.1326669584508546,0.0054148133823245,0.268432208924836
G3_buffered_low_expansion_high_friction,a050_mu060_g020,G3,5,cold,14814,0.2,2963,0.5005062436719541,0.2245543751113416,0.0446722104041771,0.4497402424351095
G3_buffered_low_expansion_high_friction,a050_mu060_g020,G3,5,cold,14814,0.4,5926,0.543705703678704,0.3758762391039371,0.4453684006961902,0.7098623876242741
G3_buffered_low_expansion_high_friction,a050_mu060_g020,G3,5,cold,14814,0.8,11852,0.6335639554505569,0.5625385829503206,0.8027460839296074,0.9714665662364924
G3_buffered_low_expansion_high_friction,a050_mu060_g020,G3,5,cold,14814,1.0,14814,0.6639665181584987,0.5845443293187084,0.9199381164184878,1.0000000000000109
G3_buffered_low_expansion_high_friction,a050_mu060_g020,G3,5,hot,19416,0.01,195,0.4974358974358974,0.0475685722953422,0.0019102196752626,0.09561371590217
G3_buffered_low_expansion_high_friction,a050_mu060_g020,G3,5,hot,19416,0.02,389,0.5012853470437018,0.0797672233674435,0.0066857688634192,0.159348372690989
G3_buffered_low_expansion_high_friction,a050_mu060_g020,G3,5,hot,19416,0.05,971,0.5159629248197735,0.1486132158420612,0.0334288443170964,0.2904803131728078
G3_buffered_low_expansion_high_friction,a050_mu060_g020,G3,5,hot,19416,0.1,1942,0.5365602471678682,0.2292886190210076,0.1000136444262518,0.4356443895775103
G3_buffered_low_expansion_high_friction,a050_mu060_g020,G3,5,hot,19416,0.2,3884,0.5756951596292482,0.3444215558030569,0.1994815118024287,0.6240656516170237
G3_buffered_low_expansion_high_friction,a050_mu060_g020,G3,5,hot,19416,0.4,7767,0.6001029998712502,0.4728962110522463,0.3625324055123482,0.8297871321118209
G3_buffered_low_expansion_high_friction,a050_mu060_g020,G3,5,hot,19416,0.8,15533,0.6283396639412863,0.5753612434183566,0.6856324191567744,0.9875471167062684
G3_buffered_low_expansion_high_friction,a050_mu060_g020,G3,5,hot,19416,1.0,19416,0.64426246394726,0.5838263818785587,0.8381771046527493,0.9999999999999976
G3_buffered_low_expansion_high_friction,a050_mu060_g020,G3,6,cold,14420,0.01,145,0.4896551724137931,0.0189990283006465,0.0007852375343541,0.0387753231126949
G3_buffered_low_expansion_high_friction,a050_mu060_g020,G3,6,cold,14420,0.02,289,0.4878892733564013,0.034212448817856,0.0009815469179426,0.0700476960786524
G3_buffered_low_expansion_high_friction,a050_mu060_g020,G3,6,cold,14420,0.05,721,0.492371705963939,0.0743747248590245,0.0015704750687082,0.1510445386423571
G3_buffered_low_expansion_high_friction,a050_mu060_g020,G3,6,cold,14420,0.1,1442,0.4951456310679611,0.1305074435087604,0.0031409501374165,0.2637516416741062
G3_buffered_low_expansion_high_friction,a050_mu060_g020,G3,6,cold,14420,0.2,2884,0.5006934812760055,0.2212549122091323,0.0327836670592854,0.4432379670916079
G3_buffered_low_expansion_high_friction,a050_mu060_g020,G3,6,cold,14420,0.4,5768,0.5395284327323162,0.369542630164304,0.4473890851982725,0.7020739087631249
G3_buffered_low_expansion_high_friction,a050_mu060_g020,G3,6,cold,14420,0.8,11536,0.6329750346740638,0.5611684659097783,0.795445622300746,0.970380515128716
G3_buffered_low_expansion_high_friction,a050_mu060_g020,G3,6,cold,14420,1.0,14420,0.6610957004160888,0.5840546160992016,0.9157832744405182,1.000000000000004
G3_buffered_low_expansion_high_friction,a050_mu060_g020,G3,6,hot,19983,0.01,200,0.5,0.044642123493502,0.0022926500337154,0.0893528933126439
G3_buffered_low_expansion_high_friction,a050_mu060_g020,G3,6,hot,19983,0.02,400,0.4975,0.074487266808024,0.005664194200944,0.1496448993478572
G3_buffered_low_expansion_high_friction,a050_mu060_g020,G3,6,hot,19983,0.05,1000,0.514,0.1439243069993074,0.0276466621712744,0.2819415988434665
G3_buffered_low_expansion_high_friction,a050_mu060_g020,G3,6,hot,19983,0.1,1999,0.5402701350675337,0.2268020235067023,0.0985839514497639,0.4282861421064574
G3_buffered_low_expansion_high_friction,a050_mu060_g020,G3,6,hot,19983,0.2,3997,0.5714285714285714,0.3419656439451083,0.2087660148347943,0.6197638346030305
G3_buffered_low_expansion_high_friction,a050_mu060_g020,G3,6,hot,19983,0.4,7994,0.6079559669752315,0.4778969630153404,0.3770734996628456,0.8308036365365792
G3_buffered_low_expansion_high_friction,a050_mu060_g020,G3,6,hot,19983,0.8,15987,0.6339525864765122,0.5807568292484937,0.6918408631153068,0.9873536032428064
G3_buffered_low_expansion_high_friction,a050_mu060_g020,G3,6,hot,19983,1.0,19983,0.6489015663313816,0.5894566345728319,0.8500337154416723,1.0000000000000089
G3_buffered_low_expansion_high_friction,a050_mu060_g020,G3,7,cold,14424,0.01,145,0.4896551724137931,0.0194789498477674,0.0007768498737618,0.0397728000713576
G3_buffered_low_expansion_high_friction,a050_mu060_g020,G3,7,cold,14424,0.02,289,0.4982698961937716,0.0358355037378227,0.0017479122159642,0.0720320888913361
G3_buffered_low_expansion_high_friction,a050_mu060_g020,G3,7,cold,14424,0.05,722,0.4944598337950138,0.0762848179500327,0.0019421246844047,0.1542959745800847
G3_buffered_low_expansion_high_friction,a050_mu060_g020,G3,7,cold,14424,0.1,1443,0.4948024948024948,0.1326573029967424,0.0050495241794523,0.2681020736381297
G3_buffered_low_expansion_high_friction,a050_mu060_g020,G3,7,cold,14424,0.2,2885,0.5001733102253033,0.2245417277526765,0.0301029326082734,0.4499812783992332
G3_buffered_low_expansion_high_friction,a050_mu060_g020,G3,7,cold,14424,0.4,5770,0.5398613518197574,0.3728504988927841,0.4410565158283162,0.7083636291164915
G3_buffered_low_expansion_high_friction,a050_mu060_g020,G3,7,cold,14424,0.8,11540,0.6292894280762565,0.558365064033687,0.7916100213633716,0.9704262678330292
G3_buffered_low_expansion_high_friction,a050_mu060_g020,G3,7,cold,14424,1.0,14424,0.6593178036605657,0.5812484583197882,0.8982326665371917,0.9999999999999996
G3_buffered_low_expansion_high_friction,a050_mu060_g020,G3,7,hot,20805,0.01,209,0.4976076555023923,0.0452096872214878,0.0013126804935678,0.0908279898679112
G3_buffered_low_expansion_high_friction,a050_mu060_g020,G3,7,hot,20805,0.02,417,0.5011990407673861,0.0769273814654544,0.0035442373326332,0.1536581351516963
G3_buffered_low_expansion_high_friction,a050_mu060_g020,G3,7,hot,20805,0.05,1041,0.5206532180595581,0.1483278455423827,0.0477815699658703,0.2881286748549093
G3_buffered_low_expansion_high_friction,a050_mu060_g020,G3,7,hot,20805,0.1,2081,0.5458913983661701,0.2329534371719009,0.0995011814124442,0.4365880415724425
G3_buffered_low_expansion_high_friction,a050_mu060_g020,G3,7,hot,20805,0.2,4161,0.5772650805094929,0.3478646413297814,0.2058283013914413,0.6264555360286397
G3_buffered_low_expansion_high_friction,a050_mu060_g020,G3,7,hot,20805,0.4,8322,0.6079067531843307,0.4804740561929741,0.372669992123917,0.8345318459916334
G3_buffered_low_expansion_high_friction,a050_mu060_g020,G3,7,hot,20805,0.8,16644,0.6323600096130738,0.5804042918081449,0.7122604358099238,0.9874371661089278
G3_buffered_low_expansion_high_friction,a050_mu060_g020,G3,7,hot,20805,1.0,20805,0.6516222062004325,0.5892849560361068,0.8705697033342085,0.9999999999999984
G3_buffered_low_expansion_high_friction,a050_mu060_g020,G3,8,cold,14577,0.01,146,0.4931506849315068,0.0195528632884745,0.0009695559433779,0.0396307187921327
G3_buffered_low_expansion_high_friction,a050_mu060_g020,G3,8,cold,14577,0.02,292,0.4965753424657534,0.0353426908732879,0.0015512895094046,0.0712325219442021
G3_buffered_low_expansion_high_friction,a050_mu060_g020,G3,8,cold,14577,0.05,729,0.4924554183813443,0.075041894119072,0.0032964902074849,0.1523349221271563
G3_buffered_low_expansion_high_friction,a050_mu060_g020,G3,8,cold,14577,0.1,1458,0.4938271604938271,0.1309228892750416,0.0048477797168896,0.2651138163821373
G3_buffered_low_expansion_high_friction,a050_mu060_g020,G3,8,cold,14577,0.2,2916,0.4979423868312757,0.2208300064321983,0.0127981384525887,0.4442185979058513
G3_buffered_low_expansion_high_friction,a050_mu060_g020,G3,8,cold,14577,0.4,5831,0.5340421883038929,0.3661412490287349,0.4378514640294745,0.7011767637750831
G3_buffered_low_expansion_high_friction,a050_mu060_g020,G3,8,cold,14577,0.8,11662,0.6293946149888526,0.5567849299446144,0.8047314330036843,0.968611176338779
G3_buffered_low_expansion_high_friction,a050_mu060_g020,G3,8,cold,14577,1.0,14577,0.6600123482197983,0.5812732696834021,0.9162303664921466,0.9999999999999972
G3_buffered_low_expansion_high_friction,a050_mu060_g020,G3,8,hot,19662,0.01,197,0.4974619289340101,0.0457562984228785,0.0036699741742558,0.0919784608621783
G3_buffered_low_expansion_high_friction,a050_mu060_g020,G3,8,hot,19662,0.02,394,0.5025380710659898,0.0791047038052039,0.0058447736849259,0.1575267599432592
G3_buffered_low_expansion_high_friction,a050_mu060_g020,G3,8,hot,19662,0.05,984,0.5203252032520326,0.1524607738528566,0.0294957183634633,0.2956989767010352
G3_buffered_low_expansion_high_friction,a050_mu060_g020,G3,8,hot,19662,0.1,1967,0.5490594814438231,0.2387741341727298,0.1045263014815821,0.4454152758611369
G3_buffered_low_expansion_high_friction,a050_mu060_g020,G3,8,hot,19662,0.2,3933,0.5761505212306127,0.3514335955181215,0.2017126546146527,0.6327449794603399
G3_buffered_low_expansion_high_friction,a050_mu060_g020,G3,8,hot,19662,0.4,7865,0.6040686586141132,0.4803793696357795,0.3684925920891668,0.8373993130656804
G3_buffered_low_expansion_high_friction,a050_mu060_g020,G3,8,hot,19662,0.8,15730,0.6301335028607756,0.5786199576533384,0.6762267228489873,0.98769819475776
G3_buffered_low_expansion_high_friction,a050_mu060_g020,G3,8,hot,19662,1.0,19662,0.64759434442071,0.5871130083510826,0.8378415114856599,1.0000000000000129
G3_buffered_low_expansion_high_friction,a050_mu060_g020,G3,9,cold,14708,0.01,148,0.4932432432432432,0.0198114544663229,0.0013550135501355,0.0401659500004839
G3_buffered_low_expansion_high_friction,a050_mu060_g020,G3,9,cold,14708,0.02,295,0.4949152542372881,0.0359294763385327,0.0015485869144405,0.0725994618002708
G3_buffered_low_expansion_high_friction,a050_mu060_g020,G3,9,cold,14708,0.05,736,0.4986413043478261,0.0770334827985977,0.0019357336430507,0.1547359432549047
G3_buffered_low_expansion_high_friction,a050_mu060_g020,G3,9,cold,14708,0.1,1471,0.496261046906866,0.1325256026578471,0.0046457607433217,0.2671548438545312
G3_buffered_low_expansion_high_friction,a050_mu060_g020,G3,9,cold,14708,0.2,2942,0.4989802855200544,0.2222921720632569,0.0358110723964382,0.4460959907763601
G3_buffered_low_expansion_high_friction,a050_mu060_g020,G3,9,cold,14708,0.4,5884,0.5367097212780422,0.3690408129711858,0.4587688734030197,0.7036999386325037
G3_buffered_low_expansion_high_friction,a050_mu060_g020,G3,9,cold,14708,0.8,11767,0.6287074020565989,0.5573108554833784,0.8102981029810298,0.9693734557766596
G3_buffered_low_expansion_high_friction,a050_mu060_g020,G3,9,cold,14708,1.0,14708,0.6622926298613,0.5816229253363039,0.918892760356175,1.0000000000000009
G3_buffered_low_expansion_high_friction,a050_mu060_g020,G3,9,hot,19815,0.01,199,0.4974874371859296,0.0440205078635141,0.0014824797843665,0.0884649616667282
G3_buffered_low_expansion_high_friction,a050_mu060_g020,G3,9,hot,19815,0.02,397,0.4987405541561713,0.0744243712533675,0.0039083557951482,0.1492912647200849
G3_buffered_low_expansion_high_friction,a050_mu060_g020,G3,9,hot,19815,0.05,991,0.5105953582240161,0.1437566167539921,0.0408355795148248,0.2832918509624
G3_buffered_low_expansion_high_friction,a050_mu060_g020,G3,9,hot,19815,0.1,1982,0.5353178607467205,0.2277543066417517,0.1064690026954177,0.4338872912612163
G3_buffered_low_expansion_high_friction,a050_mu060_g020,G3,9,hot,19815,0.2,3963,0.5738077214231643,0.3441081136300951,0.2049865229110512,0.624561879176383
G3_buffered_low_expansion_high_friction,a050_mu060_g020,G3,9,hot,19815,0.4,7926,0.607115821347464,0.4772687897869662,0.3671159029649595,0.8325441719191161
G3_buffered_low_expansion_high_friction,a050_mu060_g020,G3,9,hot,19815,0.8,15852,0.6318445622003532,0.5788256259004356,0.6727762803234502,0.9878130014852976
G3_buffered_low_expansion_high_friction,a050_mu060_g020,G3,9,hot,19815,1.0,19815,0.6457734039868787,0.5869824335632736,0.8408355795148248,1.0000000000000109
G3_buffered_low_expansion_high_friction,a050_mu060_g020,G3,10,cold,14675,0.01,147,0.4965986394557823,0.0192180193343529,0.0013544891640866,0.0387567761986119
G3_buffered_low_expansion_high_friction,a050_mu060_g020,G3,10,cold,14675,0.02,294,0.4829931972789115,0.0344571847993244,0.0017414860681114,0.0711987670633445
G3_buffered_low_expansion_high_friction,a050_mu060_g020,G3,10,cold,14675,0.05,734,0.4959128065395095,0.0766020453368853,0.0029024767801857,0.154610133444549
G3_buffered_low_expansion_high_friction,a050_mu060_g020,G3,10,cold,14675,0.1,1468,0.4938692098092643,0.1329873575810932,0.0052244582043343,0.2691962046233588
G3_buffered_low_expansion_high_friction,a050_mu060_g020,G3,10,cold,14675,0.2,2935,0.4988074957410562,0.225259132081168,0.019156346749226,0.4522544704232026
G3_buffered_low_expansion_high_friction,a050_mu060_g020,G3,10,cold,14675,0.4,5870,0.5407155025553663,0.3738461963343122,0.4645897832817337,0.7099031405549563
G3_buffered_low_expansion_high_friction,a050_mu060_g020,G3,10,cold,14675,0.8,11740,0.6318568994889268,0.5598777919160886,0.8043730650154799,0.9712454572300516
G3_buffered_low_expansion_high_friction,a050_mu060_g020,G3,10,cold,14675,1.0,14675,0.6627597955706984,0.5825076164664166,0.9109907120743034,0.9999999999999932
G3_buffered_low_expansion_high_friction,a050_mu060_g020,G3,10,hot,19815,0.01,199,0.4974874371859296,0.0496901141621102,0.003369726378218,0.0998288802292197
G3_buffered_low_expansion_high_friction,a050_mu060_g020,G3,10,hot,19815,0.02,397,0.5012594458438288,0.081902023304905,0.0076829761423372,0.1635914125039816
G3_buffered_low_expansion_high_friction,a050_mu060_g020,G3,10,hot,19815,0.05,991,0.5186680121089808,0.1535721651064648,0.0415150289796468,0.299107287230211
G3_buffered_low_expansion_high_friction,a050_mu060_g020,G3,10,hot,19815,0.1,1982,0.5474268415741675,0.2380293543298658,0.1062137754414341,0.4460742011808923
G3_buffered_low_expansion_high_friction,a050_mu060_g020,G3,10,hot,19815,0.2,3963,0.5725460509714863,0.3476214702282084,0.1977355438738374,0.6294532089457106
G3_buffered_low_expansion_high_friction,a050_mu060_g020,G3,10,hot,19815,0.4,7926,0.5990411304567247,0.4759579757780063,0.3717482140450195,0.8356277511656006
G3_buffered_low_expansion_high_friction,a050_mu060_g020,G3,10,hot,19815,0.8,15852,0.628122634367903,0.5758566760113111,0.6936244776924114,0.9879797379163548
G3_buffered_low_expansion_high_friction,a050_mu060_g020,G3,10,hot,19815,1.0,19815,0.6443098662629321,0.5841879558094942,0.8548321876263647,0.9999999999999988
G3_buffered_low_expansion_high_friction,a050_mu060_g020,G3,11,cold,14610,0.01,147,0.4829931972789115,0.0191465599160492,0.0009663703131039,0.0395571782944118
G3_buffered_low_expansion_high_friction,a050_mu060_g020,G3,11,cold,14610,0.02,293,0.4914675767918088,0.0352554252815959,0.0013529184383455,0.0716962481696344
G3_buffered_low_expansion_high_friction,a050_mu060_g020,G3,11,cold,14610,0.05,731,0.4924760601915184,0.0754586423886272,0.0021260146888287,0.1531498636800659
G3_buffered_low_expansion_high_friction,a050_mu060_g020,G3,11,cold,14610,0.1,1461,0.4955509924709103,0.131687369407591,0.0028991109393119,0.2658593451516023
G3_buffered_low_expansion_high_friction,a050_mu060_g020,G3,11,cold,14610,0.2,2922,0.4986310746064339,0.2219666706369759,0.0202937765751836,0.4458160323175116
G3_buffered_low_expansion_high_friction,a050_mu060_g020,G3,11,cold,14610,0.4,5844,0.5361054072553045,0.3699683755209375,0.4545805952841129,0.7062010949011656
G3_buffered_low_expansion_high_friction,a050_mu060_g020,G3,11,cold,14610,0.8,11688,0.6285934291581109,0.5584259911775733,0.80827212988017,0.9717694751812452
G3_buffered_low_expansion_high_friction,a050_mu060_g020,G3,11,cold,14610,1.0,14610,0.659479808350445,0.5804612048003683,0.9186316196366447,1.000000000000001
G3_buffered_low_expansion_high_friction,a050_mu060_g020,G3,11,hot,19401,0.01,195,0.4974358974358974,0.0476245409362726,0.0031296775071438,0.095680105283977
G3_buffered_low_expansion_high_friction,a050_mu060_g020,G3,11,hot,19401,0.02,389,0.5012853470437018,0.0780163117935537,0.0047625527282623,0.1558856445439632
G3_buffered_low_expansion_high_friction,a050_mu060_g020,G3,11,hot,19401,0.05,971,0.5159629248197735,0.1469043060381362,0.0306164103959722,0.2873479612122976
G3_buffered_low_expansion_high_friction,a050_mu060_g020,G3,11,hot,19401,0.1,1941,0.5352910870685214,0.2300284475797421,0.1006939719689753,0.4376101211148893
G3_buffered_low_expansion_high_friction,a050_mu060_g020,G3,11,hot,19401,0.2,3881,0.5743365112084514,0.3457620261590025,0.1982582664308069,0.6266816831076218
G3_buffered_low_expansion_high_friction,a050_mu060_g020,G3,11,hot,19401,0.4,7761,0.6026285272516428,0.4766097453917049,0.3638590284392434,0.8344676994865141
G3_buffered_low_expansion_high_friction,a050_mu060_g020,G3,11,hot,19401,0.8,15521,0.6284388892468269,0.5766640327035969,0.6747856851272281,0.9878641699604042
G3_buffered_low_expansion_high_friction,a050_mu060_g020,G3,11,hot,19401,1.0,19401,0.643368898510386,0.5848266781822332,0.8413389576813172,0.9999999999999988
G3_buffered_low_expansion_high_friction,a050_mu060_g020,G3,12,cold,14933,0.01,150,0.4933333333333333,0.0193655427244981,0.0011359333585762,0.0392480686031804
G3_buffered_low_expansion_high_friction,a050_mu060_g020,G3,12,cold,14933,0.02,299,0.4916387959866221,0.0352191661091841,0.0013252555850056,0.0716025515142059
G3_buffered_low_expansion_high_friction,a050_mu060_g020,G3,12,cold,14933,0.05,747,0.4926372155287818,0.075988761376032,0.0020825444907232,0.1542322344507159
G3_buffered_low_expansion_high_friction,a050_mu060_g020,G3,12,cold,14933,0.1,1494,0.4959839357429719,0.1332922154704485,0.0066262779250283,0.2689146535523969
G3_buffered_low_expansion_high_friction,a050_mu060_g020,G3,12,cold,14933,0.2,2987,0.5015065282892535,0.2251424125264925,0.0213934115865202,0.4502669395740674
G3_buffered_low_expansion_high_friction,a050_mu060_g020,G3,12,cold,14933,0.4,5974,0.542182792099096,0.3743603799074738,0.4477470655054903,0.708513509811516
G3_buffered_low_expansion_high_friction,a050_mu060_g020,G3,12,cold,14933,0.8,11947,0.6310370804386038,0.5594850188303667,0.8004543733434305,0.9702850819661694
G3_buffered_low_expansion_high_friction,a050_mu060_g020,G3,12,cold,14933,1.0,14933,0.6610192191789995,0.5825088811512588,0.9117758424839076,1.0000000000000029
G3_buffered_low_expansion_high_friction,a050_mu060_g020,G3,12,hot,20232,0.01,203,0.4975369458128079,0.0417938792604822,0.0017421602787456,0.0839897258556233
G3_buffered_low_expansion_high_friction,a050_mu060_g020,G3,12,hot,20232,0.02,405,0.4962962962962963,0.0721945136133478,0.0040203698740284,0.1453432193285119
G3_buffered_low_expansion_high_friction,a050_mu060_g020,G3,12,hot,20232,0.05,1012,0.5118577075098815,0.1420162711439317,0.0253283302063789,0.2793926208070519
G3_buffered_low_expansion_high_friction,a050_mu060_g020,G3,12,hot,20232,0.1,2024,0.5434782608695652,0.2271216053997383,0.1073438756365585,0.4283052656080441
G3_buffered_low_expansion_high_friction,a050_mu060_g020,G3,12,hot,20232,0.2,4047,0.5789473684210527,0.3435949451372181,0.199812382739212,0.6182681736163836
G3_buffered_low_expansion_high_friction,a050_mu060_g020,G3,12,hot,20232,0.4,8093,0.6087977264302483,0.4769893855154896,0.3741624229429107,0.8283906163364771
G3_buffered_low_expansion_high_friction,a050_mu060_g020,G3,12,hot,20232,0.8,16186,0.6310391696527864,0.5802466293039567,0.7094612704368802,0.9866834526206824
G3_buffered_low_expansion_high_friction,a050_mu060_g020,G3,12,hot,20232,1.0,20232,0.6486259391063661,0.5894923734232674,0.8759045832216564,1.0000000000000009
G3_buffered_low_expansion_high_friction,a050_mu060_g020,G3,13,cold,14873,0.01,149,0.4899328859060403,0.0191452246873177,0.0007674597083653,0.0390447683293735
G3_buffered_low_expansion_high_friction,a050_mu060_g020,G3,13,cold,14873,0.02,298,0.4932885906040268,0.0351593828151495,0.0011511895625479,0.071258555489087
G3_buffered_low_expansion_high_friction,a050_mu060_g020,G3,13,cold,14873,0.05,744,0.4959677419354839,0.0758099741727782,0.0023023791250959,0.1529252242873617
G3_buffered_low_expansion_high_friction,a050_mu060_g020,G3,13,cold,14873,0.1,1488,0.4946236559139785,0.1317981267877929,0.0040291634689178,0.2664461947037651
G3_buffered_low_expansion_high_friction,a050_mu060_g020,G3,13,cold,14873,0.2,2975,0.5015126050420168,0.2241142460437277,0.0408672294704528,0.4481875964117923
G3_buffered_low_expansion_high_friction,a050_mu060_g020,G3,13,cold,14873,0.4,5950,0.5421848739495798,0.3744102501913871,0.4579815809669992,0.7083712124116895
G3_buffered_low_expansion_high_friction,a050_mu060_g020,G3,13,cold,14873,0.8,11899,0.632910328599042,0.562249522726935,0.8069838833461244,0.9717619851985656
G3_buffered_low_expansion_high_friction,a050_mu060_g020,G3,13,cold,14873,1.0,14873,0.6632152222147516,0.584285279948802,0.9184574059861856,0.9999999999999998
G3_buffered_low_expansion_high_friction,a050_mu060_g020,G3,13,hot,19784,0.01,198,0.494949494949495,0.0459013500469141,0.0017532029669588,0.0925684099230546
G3_buffered_low_expansion_high_friction,a050_mu060_g020,G3,13,hot,19784,0.02,396,0.4974747474747474,0.0772893879522725,0.0051247471341874,0.1552839027396041
G3_buffered_low_expansion_high_friction,a050_mu060_g020,G3,13,hot,19784,0.05,990,0.5141414141414141,0.1490536148118296,0.0401888064733648,0.2924078228222305
G3_buffered_low_expansion_high_friction,a050_mu060_g020,G3,13,hot,19784,0.1,1979,0.5401718039413845,0.2329661841581305,0.1031692515171948,0.4411654191856151
G3_buffered_low_expansion_high_friction,a050_mu060_g020,G3,13,hot,19784,0.2,3957,0.5756886530199646,0.34710476532093,0.1943358057990559,0.6287056237889808
G3_buffered_low_expansion_high_friction,a050_mu060_g020,G3,13,hot,19784,0.4,7914,0.604245640636846,0.4765097426544208,0.3642616318273769,0.8332177749739554
G3_buffered_low_expansion_high_friction,a050_mu060_g020,G3,13,hot,19784,0.8,15828,0.6306545362648471,0.5775616433924129,0.6846931894807822,0.9871717357106544
G3_buffered_low_expansion_high_friction,a050_mu060_g020,G3,13,hot,19784,1.0,19784,0.6465830974524869,0.5864119430830012,0.8434254888739042,1.0000000000000022
G3_buffered_low_expansion_high_friction,a050_mu060_g020,G3,14,cold,14743,0.01,148,0.5,0.0194520754039596,0.0017337699865151,0.0389794879727733
G3_buffered_low_expansion_high_friction,a050_mu060_g020,G3,14,cold,14743,0.02,295,0.4949152542372881,0.0349683539928473,0.0019264110961279,0.0707010913971705
G3_buffered_low_expansion_high_friction,a050_mu060_g020,G3,14,cold,14743,0.05,738,0.491869918699187,0.0744810395238721,0.0019264110961279,0.1513169565617853
G3_buffered_low_expansion_high_friction,a050_mu060_g020,G3,14,cold,14743,0.1,1475,0.4962711864406779,0.130485812939088,0.0042381044114814,0.2631813051457004
G3_buffered_low_expansion_high_friction,a050_mu060_g020,G3,14,cold,14743,0.2,2949,0.5032214309935571,0.2221359226475755,0.0287035253323059,0.4431776171779941
G3_buffered_low_expansion_high_friction,a050_mu060_g020,G3,14,cold,14743,0.4,5898,0.5430654459138691,0.372669965505581,0.4525139664804469,0.7039242522340715
G3_buffered_low_expansion_high_friction,a050_mu060_g020,G3,14,cold,14743,0.8,11795,0.6357778719796524,0.5638939656830235,0.7915623193989597,0.9704266492756533
G3_buffered_low_expansion_high_friction,a050_mu060_g020,G3,14,cold,14743,1.0,14743,0.6618734314589975,0.5864525731474606,0.916779040647274,1.0000000000000109
G3_buffered_low_expansion_high_friction,a050_mu060_g020,G3,14,hot,21062,0.01,211,0.4976303317535545,0.043400307507512,0.0016940317956737,0.087206982869465
G3_buffered_low_expansion_high_friction,a050_mu060_g020,G3,14,hot,21062,0.02,422,0.5,0.0740245685618736,0.0063851967683085,0.1482030000579991
G3_buffered_low_expansion_high_friction,a050_mu060_g020,G3,14,hot,21062,0.05,1054,0.5170777988614801,0.1443494689886082,0.0218921032056294,0.2816994555226403
G3_buffered_low_expansion_high_friction,a050_mu060_g020,G3,14,hot,21062,0.1,2107,0.5424774560987186,0.2283983113633987,0.1105029971331769,0.430588848198344
G3_buffered_low_expansion_high_friction,a050_mu060_g020,G3,14,hot,21062,0.2,4213,0.5786850225492524,0.3445673544893021,0.2019807140995569,0.6199000416085404
G3_buffered_low_expansion_high_friction,a050_mu060_g020,G3,14,hot,21062,0.4,8425,0.6117507418397626,0.4789111162627354,0.3752931978107897,0.8278339908891367
G3_buffered_low_expansion_high_friction,a050_mu060_g020,G3,14,hot,21062,0.8,16850,0.6376854599406528,0.5834583803045397,0.698332030231952,0.9868341652282848
G3_buffered_low_expansion_high_friction,a050_mu060_g020,G3,14,hot,21062,1.0,21062,0.6534517139872756,0.592555728874751,0.8651290070367474,0.9999999999999898
G3_buffered_low_expansion_high_friction,a050_mu060_g020,G3,15,cold,14906,0.01,150,0.48,0.0188628599057932,0.0007635044855888,0.0391703360140742
G3_buffered_low_expansion_high_friction,a050_mu060_g020,G3,15,cold,14906,0.02,299,0.4882943143812709,0.0349577605450834,0.0013361328497804,0.0714698660295469
G3_buffered_low_expansion_high_friction,a050_mu060_g020,G3,15,cold,14906,0.05,746,0.4906166219839142,0.0753650930923084,0.0022905134567665,0.1534086284657734
G3_buffered_low_expansion_high_friction,a050_mu060_g020,G3,15,cold,14906,0.1,1491,0.4956405097250168,0.1318997995994507,0.0059171597633136,0.2662508332693704
G3_buffered_low_expansion_high_friction,a050_mu060_g020,G3,15,cold,14906,0.2,2982,0.500335345405768,0.2225866370267481,0.0314945600305401,0.4459695466840397
G3_buffered_low_expansion_high_friction,a050_mu060_g020,G3,15,cold,14906,0.4,5963,0.5398289451618313,0.3715189082931692,0.4439778583699179,0.7049459998619558
G3_buffered_low_expansion_high_friction,a050_mu060_g020,G3,15,cold,14906,0.8,11925,0.6338784067085954,0.562876751461136,0.8007253292613095,0.9711068107234266
G3_buffered_low_expansion_high_friction,a050_mu060_g020,G3,15,cold,14906,1.0,14906,0.6626190795652758,0.5851870223348964,0.915823630463829,0.9999999999999964
G3_buffered_low_expansion_high_friction,a050_mu060_g020,G3,15,hot,20405,0.01,205,0.4926829268292683,0.0427592142427139,0.0037483266398929,0.0865587964290758
G3_buffered_low_expansion_high_friction,a050_mu060_g020,G3,15,hot,20405,0.02,409,0.5012224938875306,0.0728562604054265,0.0072289156626506,0.1455528535002964
G3_buffered_low_expansion_high_friction,a050_mu060_g020,G3,15,hot,20405,0.05,1021,0.5063663075416258,0.1401544206527533,0.0376171352074966,0.2778715556388682
G3_buffered_low_expansion_high_friction,a050_mu060_g020,G3,15,hot,20405,0.1,2041,0.5330720235178834,0.2256026951195491,0.1074966532797858,0.431074531857655
G3_buffered_low_expansion_high_friction,a050_mu060_g020,G3,15,hot,20405,0.2,4081,0.5802499387405048,0.3460446691137013,0.2078982597054886,0.6233374534620766
G3_buffered_low_expansion_high_friction,a050_mu060_g020,G3,15,hot,20405,0.4,8162,0.6145552560646901,0.4823173464027209,0.3753681392235609,0.8334361074516626
G3_buffered_low_expansion_high_friction,a050_mu060_g020,G3,15,hot,20405,0.8,16324,0.6364248958588581,0.5835643657063507,0.704417670682731,0.987572766529719
G3_buffered_low_expansion_high_friction,a050_mu060_g020,G3,15,hot,20405,1.0,20405,0.6520460671404068,0.5922075942310736,0.8622489959839358,1.000000000000012
G3_buffered_low_expansion_high_friction,a050_mu060_g020,G3,16,cold,15019,0.01,151,0.4966887417218543,0.0196995960787668,0.0011441647597254,0.0396968824843346
G3_buffered_low_expansion_high_friction,a050_mu060_g020,G3,16,cold,15019,0.02,301,0.4950166112956811,0.0353568653499456,0.0015255530129672,0.0714661273054841
G3_buffered_low_expansion_high_friction,a050_mu060_g020,G3,16,cold,15019,0.05,751,0.4926764314247669,0.0749483332427167,0.0030511060259344,0.1520320987810489
G3_buffered_low_expansion_high_friction,a050_mu060_g020,G3,16,cold,15019,0.1,1502,0.4940079893475366,0.1302792596253718,0.007627765064836,0.2636221223104507
G3_buffered_low_expansion_high_friction,a050_mu060_g020,G3,16,cold,15019,0.2,3004,0.4986684420772304,0.2210052140221605,0.0299389778794813,0.4439149806415222
G3_buffered_low_expansion_high_friction,a050_mu060_g020,G3,16,cold,15019,0.4,6008,0.5394474034620506,0.3700272831747482,0.4620518688024408,0.7028273001683946
G3_buffered_low_expansion_high_friction,a050_mu060_g020,G3,16,cold,15019,0.8,12016,0.6329061251664447,0.5602143473115311,0.8087337909992373,0.9686309164347736
G3_buffered_low_expansion_high_friction,a050_mu060_g020,G3,16,cold,15019,1.0,15019,0.6632931619948066,0.5846253155634393,0.923340961098398,1.000000000000007
G3_buffered_low_expansion_high_friction,a050_mu060_g020,G3,16,hot,20489,0.01,205,0.4975609756097561,0.04633679088052,0.0019973368841544,0.0931174117901366
G3_buffered_low_expansion_high_friction,a050_mu060_g020,G3,16,hot,20489,0.02,410,0.4975609756097561,0.0775324875635665,0.0062583222370173,0.1557646891925246
G3_buffered_low_expansion_high_friction,a050_mu060_g020,G3,16,hot,20489,0.05,1025,0.5151219512195122,0.1474420646175392,0.0418109187749667,0.2891221838765309
G3_buffered_low_expansion_high_friction,a050_mu060_g020,G3,16,hot,20489,0.1,2049,0.5427037579306979,0.233342616292337,0.1054593874833555,0.4402100641908631
G3_buffered_low_expansion_high_friction,a050_mu060_g020,G3,16,hot,20489,0.2,4098,0.5817471937530503,0.3518075490329884,0.2081225033288948,0.6312405385136516
G3_buffered_low_expansion_high_friction,a050_mu060_g020,G3,16,hot,20489,0.4,8196,0.6113958028306491,0.4818442696845125,0.3695073235685752,0.8339285594859499
G3_buffered_low_expansion_high_friction,a050_mu060_g020,G3,16,hot,20489,0.8,16392,0.6333577354807223,0.5820301816211702,0.7041278295605858,0.987690478172895
G3_buffered_low_expansion_high_friction,a050_mu060_g020,G3,16,hot,20489,1.0,20489,0.6512274879203475,0.5905770602519833,0.87017310252996,1.000000000000002
G3_buffered_low_expansion_high_friction,a050_mu060_g020,G3,17,cold,14899,0.01,149,0.4966442953020134,0.0199701609180942,0.0011443829868395,0.0402491202665152
G3_buffered_low_expansion_high_friction,a050_mu060_g020,G3,17,cold,14899,0.02,298,0.4966442953020134,0.0359293863138586,0.0013351134846461,0.0724055973248428
G3_buffered_low_expansion_high_friction,a050_mu060_g020,G3,17,cold,14899,0.05,745,0.4953020134228187,0.0765915104035521,0.0019073049780659,0.154728773186287
G3_buffered_low_expansion_high_friction,a050_mu060_g020,G3,17,cold,14899,0.1,1490,0.4959731543624161,0.1330118212141477,0.0034331489605187,0.2684001917277437
G3_buffered_low_expansion_high_friction,a050_mu060_g020,G3,17,cold,14899,0.2,2980,0.501006711409396,0.223999303974777,0.032805645622735,0.4483932468522909
G3_buffered_low_expansion_high_friction,a050_mu060_g020,G3,17,cold,14899,0.4,5960,0.5431208053691275,0.3729949834660364,0.4438298683959565,0.7051399033435739
G3_buffered_low_expansion_high_friction,a050_mu060_g020,G3,17,cold,14899,0.8,11920,0.6293624161073825,0.5594069583323023,0.8128933816517261,0.9706799700419712
G3_buffered_low_expansion_high_friction,a050_mu060_g020,G3,17,cold,14899,1.0,14899,0.660849721457816,0.582290491808266,0.9235170703795536,1.000000000000002
G3_buffered_low_expansion_high_friction,a050_mu060_g020,G3,17,hot,20754,0.01,208,0.4951923076923077,0.0450878708337186,0.0023628248884221,0.0909149268079084
G3_buffered_low_expansion_high_friction,a050_mu060_g020,G3,17,hot,20754,0.02,416,0.4975961538461538,0.076362263929584,0.0039380414807035,0.1534214799065135
G3_buffered_low_expansion_high_friction,a050_mu060_g020,G3,17,hot,20754,0.05,1038,0.5163776493256262,0.1491968257951754,0.0385928065108952,0.2915903393811956
G3_buffered_low_expansion_high_friction,a050_mu060_g020,G3,17,hot,20754,0.1,2076,0.5366088631984586,0.2331424812183704,0.1092150170648464,0.4426717018941244
G3_buffered_low_expansion_high_friction,a050_mu060_g020,G3,17,hot,20754,0.2,4151,0.5832329559142375,0.3517042037905838,0.2049094250459438,0.631901760623839
G3_buffered_low_expansion_high_friction,a050_mu060_g020,G3,17,hot,20754,0.4,8302,0.6114189351963383,0.4811995560238536,0.3705697033342084,0.8348094113418276
G3_buffered_low_expansion_high_friction,a050_mu060_g020,G3,17,hot,20754,0.8,16604,0.6324981932064563,0.5806541356125517,0.6972958781832502,0.9875467905257586
G3_buffered_low_expansion_high_friction,a050_mu060_g020,G3,17,hot,20754,1.0,20754,0.6514888696154958,0.5894270036152196,0.8628248884221581,1.0000000000000098
G3_buffered_low_expansion_high_friction,a050_mu060_g020,G3,18,cold,14612,0.01,147,0.4897959183673469,0.0203425855056643,0.001156961048978,0.0415157402307088
G3_buffered_low_expansion_high_friction,a050_mu060_g020,G3,18,cold,14612,0.02,293,0.4914675767918088,0.0371235714349947,0.0013497878904743,0.0754667136054125
G3_buffered_low_expansion_high_friction,a050_mu060_g020,G3,18,cold,14612,0.05,731,0.4979480164158686,0.0797733744473803,0.0025067489394523,0.1603489856684149
G3_buffered_low_expansion_high_friction,a050_mu060_g020,G3,18,cold,14612,0.1,1462,0.4979480164158686,0.1368237235895355,0.0061704589278827,0.2749927617411304
G3_buffered_low_expansion_high_friction,a050_mu060_g020,G3,18,cold,14612,0.2,2923,0.4994868286007526,0.2279389857384348,0.0323949093713845,0.4569081381795181
G3_buffered_low_expansion_high_friction,a050_mu060_g020,G3,18,cold,14612,0.4,5845,0.5413173652694611,0.3754647418487239,0.4514076359429232,0.7117882550888954
G3_buffered_low_expansion_high_friction,a050_mu060_g020,G3,18,cold,14612,0.8,11690,0.630966638152267,0.5593975358903438,0.7990744311608176,0.9712752400430458
G3_buffered_low_expansion_high_friction,a050_mu060_g020,G3,18,cold,14612,1.0,14612,0.6598686011497399,0.5815288850447227,0.9120709602776708,0.9999999999999972
G3_buffered_low_expansion_high_friction,a050_mu060_g020,G3,18,hot,20363,0.01,204,0.5,0.0443325458192604,0.0016122531237404,0.0887418383190129
G3_buffered_low_expansion_high_friction,a050_mu060_g020,G3,18,hot,20363,0.02,408,0.5024509803921569,0.0754165927629277,0.0055085315061131,0.1504077146739791
G3_buffered_low_expansion_high_friction,a050_mu060_g020,G3,18,hot,20363,0.05,1019,0.5063788027477919,0.1438290051007944,0.0388284293967486,0.2848987424235031
G3_buffered_low_expansion_high_friction,a050_mu060_g020,G3,18,hot,20363,0.1,2037,0.5306823760432008,0.2273426301134926,0.1135294907967217,0.4356477940505017
G3_buffered_low_expansion_high_friction,a050_mu060_g020,G3,18,hot,20363,0.2,4073,0.5745150994353057,0.343989120103137,0.2133548300416498,0.624609641317629
G3_buffered_low_expansion_high_friction,a050_mu060_g020,G3,18,hot,20363,0.4,8146,0.6090105573287503,0.4778614305318766,0.3778046486631734,0.8329439553091678
G3_buffered_low_expansion_high_friction,a050_mu060_g020,G3,18,hot,20363,0.8,16291,0.6359339512614327,0.5795406930154052,0.7045546150745667,0.987241880946644
G3_buffered_low_expansion_high_friction,a050_mu060_g020,G3,18,hot,20363,1.0,20363,0.6531945194715907,0.5885118110546683,0.8648394464597609,1.000000000000001
G3_buffered_low_expansion_high_friction,a050_mu060_g020,G3,19,cold,14285,0.01,143,0.4825174825174825,0.0194431191695481,0.0013798541297062,0.0401834812491334
G3_buffered_low_expansion_high_friction,a050_mu060_g020,G3,19,cold,14285,0.02,286,0.4895104895104895,0.0355554419198859,0.0015769761482357,0.0725510727616485
G3_buffered_low_expansion_high_friction,a050_mu060_g020,G3,19,cold,14285,0.05,715,0.4951048951048951,0.0769599285511621,0.0023654642223536,0.1555197542716901
G3_buffered_low_expansion_high_friction,a050_mu060_g020,G3,19,cold,14285,0.1,1429,0.4982505248425472,0.1345428061549917,0.0051251724817662,0.2704526542225761
G3_buffered_low_expansion_high_friction,a050_mu060_g020,G3,19,cold,14285,0.2,2857,0.5033251662583129,0.2262472819796343,0.0368618174650108,0.4512160366823677
G3_buffered_low_expansion_high_friction,a050_mu060_g020,G3,19,cold,14285,0.4,5714,0.5428771438571929,0.3755481722679727,0.4504238123398383,0.710057565460123
G3_buffered_low_expansion_high_friction,a050_mu060_g020,G3,19,cold,14285,0.8,11428,0.6309065453272663,0.5612585003842443,0.801103883303765,0.972097597749323
G3_buffered_low_expansion_high_friction,a050_mu060_g020,G3,19,cold,14285,1.0,14285,0.6604830241512075,0.5827513658271266,0.9061699191799724,1.0000000000000024
G3_buffered_low_expansion_high_friction,a050_mu060_g020,G3,19,hot,20582,0.01,206,0.5,0.0450441216174521,0.0023828435266084,0.0901539253253366
G3_buffered_low_expansion_high_friction,a050_mu060_g020,G3,19,hot,20582,0.02,412,0.5,0.076499114531793,0.0078104315594387,0.1529881103648445
G3_buffered_low_expansion_high_friction,a050_mu060_g020,G3,19,hot,20582,0.05,1030,0.5135922330097087,0.1482035513773719,0.0405083399523431,0.2904047685057496
G3_buffered_low_expansion_high_friction,a050_mu060_g020,G3,19,hot,20582,0.1,2059,0.5439533754249636,0.236074304912992,0.1096108022239873,0.4439583624813635
G3_buffered_low_expansion_high_friction,a050_mu060_g020,G3,19,hot,20582,0.2,4117,0.5817342725285402,0.3537494928366255,0.2058512046597829,0.6347806586767513
G3_buffered_low_expansion_high_friction,a050_mu060_g020,G3,19,hot,20582,0.4,8233,0.6130207700716628,0.4838282473080892,0.373179772306063,0.8375444266929397
G3_buffered_low_expansion_high_friction,a050_mu060_g020,G3,19,hot,20582,0.8,16466,0.6343374225677153,0.582240498999869,0.7059835848557056,0.9881218641198632
G3_buffered_low_expansion_high_friction,a050_mu060_g020,G3,19,hot,20582,1.0,20582,0.6502283548731902,0.5904462356442358,0.8669579030976966,1.0000000000000089
G3_buffered_low_expansion_high_friction,a050_mu060_g020,G3,20,cold,14992,0.01,150,0.4866666666666667,0.0188227694179673,0.0009532888465204,0.0386190528493363
G3_buffered_low_expansion_high_friction,a050_mu060_g020,G3,20,cold,14992,0.02,300,0.4866666666666667,0.0344586914816206,0.0017159199237368,0.0706559715517368
G3_buffered_low_expansion_high_friction,a050_mu060_g020,G3,20,cold,14992,0.05,750,0.496,0.0754395754443557,0.0028598665395614,0.1522028345657075
G3_buffered_low_expansion_high_friction,a050_mu060_g020,G3,20,cold,14992,0.1,1500,0.4966666666666666,0.1312490329260949,0.0080076263107721,0.264489784581166
G3_buffered_low_expansion_high_friction,a050_mu060_g020,G3,20,cold,14992,0.2,2999,0.5018339446482161,0.2216695761315005,0.0364156339370829,0.4430444952082343
G3_buffered_low_expansion_high_friction,a050_mu060_g020,G3,20,cold,14992,0.4,5997,0.5407703851925963,0.3695428306174507,0.4551000953288847,0.699985872257822
G3_buffered_low_expansion_high_friction,a050_mu060_g020,G3,20,cold,14992,0.8,11994,0.6344005336001334,0.562442907992817,0.8020972354623451,0.968572984323191
G3_buffered_low_expansion_high_friction,a050_mu060_g020,G3,20,cold,14992,1.0,14992,0.6639541088580576,0.587018493107124,0.9159199237368922,1.0000000000000009
G3_buffered_low_expansion_high_friction,a050_mu060_g020,G3,20,hot,22013,0.01,221,0.497737556561086,0.0451737592090428,0.003099173553719,0.0907154831521172
G3_buffered_low_expansion_high_friction,a050_mu060_g020,G3,20,hot,22013,0.02,441,0.4988662131519274,0.0759556613459436,0.0051652892561983,0.1522695942989611
G3_buffered_low_expansion_high_friction,a050_mu060_g020,G3,20,hot,22013,0.05,1101,0.5068119891008175,0.1450949587815203,0.0512654958677685,0.2873193526893891
G3_buffered_low_expansion_high_friction,a050_mu060_g020,G3,20,hot,22013,0.1,2202,0.5490463215258855,0.2345737295016689,0.1074380165289256,0.4386939654207576
G3_buffered_low_expansion_high_friction,a050_mu060_g020,G3,20,hot,22013,0.2,4403,0.5798319327731093,0.3488787262000659,0.2205578512396694,0.6267238559311763
G3_buffered_low_expansion_high_friction,a050_mu060_g020,G3,20,hot,22013,0.4,8806,0.6196911196911197,0.4843220003279245,0.387525826446281,0.8326606671880862
G3_buffered_low_expansion_high_friction,a050_mu060_g020,G3,20,hot,22013,0.8,17611,0.6471523479643405,0.5878856048741473,0.7148760330578512,0.9873339952675704
G3_buffered_low_expansion_high_friction,a050_mu060_g020,G3,20,hot,22013,1.0,22013,0.6628355971471404,0.5967872215395029,0.8916580578512396,0.999999999999993
G3_buffered_low_expansion_high_friction,a050_mu060_g020,G3,21,cold,14425,0.01,145,0.496551724137931,0.0200651170117266,0.0009859988168014,0.040456961272651
G3_buffered_low_expansion_high_friction,a050_mu060_g020,G3,21,cold,14425,0.02,289,0.4913494809688581,0.0359700731215892,0.0019719976336028,0.0731496010534986
G3_buffered_low_expansion_high_friction,a050_mu060_g020,G3,21,cold,14425,0.05,722,0.4916897506925208,0.0762719633199005,0.0019719976336028,0.1549718337606718
G3_buffered_low_expansion_high_friction,a050_mu060_g020,G3,21,cold,14425,0.1,1443,0.4941094941094941,0.1331630018682021,0.0065075921908893,0.2694813517292486
G3_buffered_low_expansion_high_friction,a050_mu060_g020,G3,21,cold,14425,0.2,2885,0.4994800693240901,0.2246781189383414,0.0297771642674028,0.4508315152554683
G3_buffered_low_expansion_high_friction,a050_mu060_g020,G3,21,cold,14425,0.4,5770,0.540207972270364,0.3723590290342978,0.4598698481561822,0.7079656904319998
G3_buffered_low_expansion_high_friction,a050_mu060_g020,G3,21,cold,14425,0.8,11540,0.631629116117851,0.559997644362821,0.7994478406625912,0.970344945112514
G3_buffered_low_expansion_high_friction,a050_mu060_g020,G3,21,cold,14425,1.0,14425,0.6626689774696707,0.5829773940100648,0.9114573062512324,0.9999999999999948
G3_buffered_low_expansion_high_friction,a050_mu060_g020,G3,21,hot,19947,0.01,200,0.5,0.0499784134978715,0.0029593758407317,0.1000259340718966
G3_buffered_low_expansion_high_friction,a050_mu060_g020,G3,21,hot,19947,0.02,399,0.4987468671679197,0.083389655772954,0.0061877858488027,0.1671983742225253
G3_buffered_low_expansion_high_friction,a050_mu060_g020,G3,21,hot,19947,0.05,998,0.5220440881763527,0.1602617641877697,0.0422383642722625,0.3104217171676093
G3_buffered_low_expansion_high_friction,a050_mu060_g020,G3,21,hot,19947,0.1,1995,0.5523809523809524,0.2477166508251804,0.103578154425612,0.4613919113048781
G3_buffered_low_expansion_high_friction,a050_mu060_g020,G3,21,hot,19947,0.2,3990,0.5744360902255639,0.35564776061339,0.1972020446596717,0.6419625886255729
G3_buffered_low_expansion_high_friction,a050_mu060_g020,G3,21,hot,19947,0.4,7979,0.6073442787316706,0.4825990198465542,0.371939736346516,0.8409658287761814
G3_buffered_low_expansion_high_friction,a050_mu060_g020,G3,21,hot,19947,0.8,15958,0.6361072816142374,0.5803361991219927,0.6754102771051924,0.9885509356843034
G3_buffered_low_expansion_high_friction,a050_mu060_g020,G3,21,hot,19947,1.0,19947,0.6488193713340352,0.5880545071387546,0.848533763788001,1.0000000000000044
G3_buffered_low_expansion_high_friction,a050_mu060_g020,G3,22,cold,14921,0.01,150,0.5,0.0201200644210854,0.0007643798968087,0.040316679823993
G3_buffered_low_expansion_high_friction,a050_mu060_g020,G3,22,cold,14921,0.02,299,0.4916387959866221,0.0358401520748617,0.0013376648194152,0.0728449503799754
G3_buffered_low_expansion_high_friction,a050_mu060_g020,G3,22,cold,14921,0.05,747,0.4926372155287818,0.0759829974130567,0.0026753296388304,0.1541238596281584
G3_buffered_low_expansion_high_friction,a050_mu060_g020,G3,22,cold,14921,0.1,1493,0.4963161419959812,0.1324867157078077,0.0043951844066501,0.2670963973202931
G3_buffered_low_expansion_high_friction,a050_mu060_g020,G3,22,cold,14921,0.2,2985,0.4991624790619765,0.2224447279735523,0.0290464360787311,0.4464203786042739
G3_buffered_low_expansion_high_friction,a050_mu060_g020,G3,22,cold,14921,0.4,5969,0.5397889093650527,0.3709905472170506,0.4542327536785782,0.7046825821827195
G3_buffered_low_expansion_high_friction,a050_mu060_g020,G3,22,cold,14921,0.8,11937,0.6342464605847365,0.5604194714062399,0.8033632715459583,0.9692205335580528
G3_buffered_low_expansion_high_friction,a050_mu060_g020,G3,22,cold,14921,1.0,14921,0.6630252664030561,0.5842583575683433,0.9157271163768392,0.999999999999998
G3_buffered_low_expansion_high_friction,a050_mu060_g020,G3,22,hot,20021,0.01,201,0.5024875621890548,0.0492551273691601,0.0037649589888395,0.0981652492698658
G3_buffered_low_expansion_high_friction,a050_mu060_g020,G3,22,hot,20021,0.02,401,0.5087281795511222,0.0821049319794418,0.0123705795347586,0.1620405671888191
G3_buffered_low_expansion_high_friction,a050_mu060_g020,G3,22,hot,20021,0.05,1002,0.5189620758483033,0.152418771106527,0.0474653758235847,0.2961447846114226
G3_buffered_low_expansion_high_friction,a050_mu060_g020,G3,22,hot,20021,0.1,2003,0.5436844732900649,0.2354477074383318,0.099502487562189,0.4426938384837606
G3_buffered_low_expansion_high_friction,a050_mu060_g020,G3,22,hot,20021,0.2,4005,0.5747815230961298,0.3484102225450139,0.2105687777329568,0.6294458313241619
G3_buffered_low_expansion_high_friction,a050_mu060_g020,G3,22,hot,20021,0.4,8009,0.6096890997627669,0.4807151497951329,0.372596477074089,0.8350119205587142
G3_buffered_low_expansion_high_friction,a050_mu060_g020,G3,22,hot,20021,0.8,16017,0.6343884622588499,0.5807979317283292,0.6935592308726637,0.9878223700509684
G3_buffered_low_expansion_high_friction,a050_mu060_g020,G3,22,hot,20021,1.0,20021,0.648768792767594,0.5891712121926032,0.8569315584240957,1.000000000000015
G3_buffered_low_expansion_high_friction,a050_mu060_g020,G3,23,cold,15588,0.01,156,0.4935897435897436,0.0200411000608346,0.000928505106778,0.0405960641306894
G3_buffered_low_expansion_high_friction,a050_mu060_g020,G3,23,cold,15588,0.02,312,0.4871794871794871,0.0357518586906715,0.0014856081708449,0.0732337756242038
G3_buffered_low_expansion_high_friction,a050_mu060_g020,G3,23,cold,15588,0.05,780,0.4923076923076923,0.0763808933105232,0.0025998142989786,0.1550141921083237
G3_buffered_low_expansion_high_friction,a050_mu060_g020,G3,23,cold,15588,0.1,1559,0.4971135343168698,0.1325461913093712,0.0046425255338904,0.2669117837173837
G3_buffered_low_expansion_high_friction,a050_mu060_g020,G3,23,cold,15588,0.2,3118,0.5016035920461834,0.2232020539043255,0.0272980501392757,0.4463846635745556
G3_buffered_low_expansion_high_friction,a050_mu060_g020,G3,23,cold,15588,0.4,6236,0.5434573444515716,0.372798390982501,0.4607242339832869,0.7042973359079648
G3_buffered_low_expansion_high_friction,a050_mu060_g020,G3,23,cold,15588,0.8,12471,0.6403656483040654,0.5653955312129921,0.7992571959145776,0.9703199537215326
G3_buffered_low_expansion_high_friction,a050_mu060_g020,G3,23,cold,15588,1.0,15588,0.6685270721067488,0.5884744749292974,0.912163416898793,1.0000000000000002
G3_buffered_low_expansion_high_friction,a050_mu060_g020,G3,23,hot,20529,0.01,206,0.4951456310679611,0.0456372047358887,0.0026780931976432,0.0920224166168901
G3_buffered_low_expansion_high_friction,a050_mu060_g020,G3,23,hot,20529,0.02,411,0.5012165450121655,0.0769417189968892,0.0037493304767005,0.1537246374625763
G3_buffered_low_expansion_high_friction,a050_mu060_g020,G3,23,hot,20529,0.05,1027,0.5150925024342746,0.1481328815913136,0.0444563470808784,0.2899482280974734
G3_buffered_low_expansion_high_friction,a050_mu060_g020,G3,23,hot,20529,0.1,2053,0.54164637116415,0.232689576477082,0.1088644884841992,0.4392851989120556
G3_buffered_low_expansion_high_friction,a050_mu060_g020,G3,23,hot,20529,0.2,4106,0.5781782756941062,0.3486932282439174,0.202597750401714,0.6281263136891982
G3_buffered_low_expansion_high_friction,a050_mu060_g020,G3,23,hot,20529,0.4,8212,0.6095957135898685,0.4800439471891919,0.384038564542046,0.8329968659748679
G3_buffered_low_expansion_high_friction,a050_mu060_g020,G3,23,hot,20529,0.8,16424,0.6371773015099854,0.5825237340193085,0.7000535618639528,0.987592987299984
G3_buffered_low_expansion_high_friction,a050_mu060_g020,G3,23,hot,20529,1.0,20529,0.6537093867212236,0.5912192820092693,0.8674343867166577,1.0000000000000089
G3_buffered_low_expansion_high_friction,a050_mu060_g020,G3,24,cold,15841,0.01,159,0.490566037735849,0.0196683527303581,0.0012815818381545,0.0400877936741952
G3_buffered_low_expansion_high_friction,a050_mu060_g020,G3,24,cold,15841,0.02,317,0.4921135646687697,0.0357168978678176,0.0014646649578908,0.0725661368944693
G3_buffered_low_expansion_high_friction,a050_mu060_g020,G3,24,cold,15841,0.05,793,0.4968474148802018,0.0772957864293154,0.0023800805565726,0.1557364117813348
G3_buffered_low_expansion_high_friction,a050_mu060_g020,G3,24,cold,15841,0.1,1585,0.4958990536277602,0.1335749928028685,0.0093372391065543,0.2694422694803589
G3_buffered_low_expansion_high_friction,a050_mu060_g020,G3,24,cold,15841,0.2,3169,0.4995266645629536,0.2235578337892682,0.0325887953130721,0.4483528155057994
G3_buffered_low_expansion_high_friction,a050_mu060_g020,G3,24,cold,15841,0.4,6337,0.5474199147861765,0.3760323277270974,0.4555108019040644,0.7065718361924055
G3_buffered_low_expansion_high_friction,a050_mu060_g020,G3,24,cold,15841,0.8,12673,0.6380493963544543,0.5652452641642508,0.8084950567557672,0.9703127367133086
G3_buffered_low_expansion_high_friction,a050_mu060_g020,G3,24,cold,15841,1.0,15841,0.6682027649769585,0.5885681809763619,0.918711094837056,1.0000000000000044
G3_buffered_low_expansion_high_friction,a050_mu060_g020,G3,24,hot,20400,0.01,204,0.5,0.0440136423579614,0.0013388673182487,0.0880835609207987
G3_buffered_low_expansion_high_friction,a050_mu060_g020,G3,24,hot,20400,0.02,408,0.5,0.075207722130989,0.0034810550274467,0.1504519301949959
G3_buffered_low_expansion_high_friction,a050_mu060_g020,G3,24,hot,20400,0.05,1020,0.5137254901960784,0.1465086195044228,0.0455214888204578,0.287425302584584
G3_buffered_low_expansion_high_friction,a050_mu060_g020,G3,24,hot,20400,0.1,2040,0.5470588235294118,0.2353966992601664,0.108046592582675,0.4414404673204567
G3_buffered_low_expansion_high_friction,a050_mu060_g020,G3,24,hot,20400,0.2,4080,0.5803921568627451,0.3507695118756016,0.2040433793011112,0.6302181536174697
G3_buffered_low_expansion_high_friction,a050_mu060_g020,G3,24,hot,20400,0.4,8160,0.6104166666666667,0.4802190772635774,0.3724728879368054,0.8330482245349194
G3_buffered_low_expansion_high_friction,a050_mu060_g020,G3,24,hot,20400,0.8,16320,0.6369485294117647,0.5812652103972752,0.6939349310483331,0.9871457983357266
G3_buffered_low_expansion_high_friction,a050_mu060_g020,G3,24,hot,20400,1.0,20400,0.6524509803921569,0.5901965442460502,0.8612933458294283,0.9999999999999972
G3_buffered_low_expansion_high_friction,a050_mu060_g020,G3,25,cold,15568,0.01,156,0.4871794871794871,0.0191219529544041,0.0009330098899048,0.0392108259634823
G3_buffered_low_expansion_high_friction,a050_mu060_g020,G3,25,cold,15568,0.02,312,0.4935897435897436,0.0355445641353824,0.0013062138458667,0.0720187060782714
G3_buffered_low_expansion_high_friction,a050_mu060_g020,G3,25,cold,15568,0.05,779,0.4955070603337612,0.0768827972233016,0.0016794178018286,0.1552795529977884
G3_buffered_low_expansion_high_friction,a050_mu060_g020,G3,25,cold,15568,0.1,1557,0.497752087347463,0.1342484277009187,0.0044784474715431,0.2700495866250124
G3_buffered_low_expansion_high_friction,a050_mu060_g020,G3,25,cold,15568,0.2,3114,0.4990366088631984,0.2247600907072449,0.0201530136219443,0.4510673150669213
G3_buffered_low_expansion_high_friction,a050_mu060_g020,G3,25,cold,15568,0.4,6228,0.5415863840719332,0.3742912396733686,0.4670647508863594,0.7095540836947751
G3_buffered_low_expansion_high_friction,a050_mu060_g020,G3,25,cold,15568,0.8,12455,0.637173825772782,0.5627732988986072,0.8091061765254711,0.9709203658717313
G3_buffered_low_expansion_high_friction,a050_mu060_g020,G3,25,cold,15568,1.0,15568,0.6679727646454265,0.5857198615172124,0.9253592088076134,1.000000000000008
G3_buffered_low_expansion_high_friction,a050_mu060_g020,G3,25,hot,20442,0.01,205,0.4975609756097561,0.0465248616380766,0.0015959569091634,0.0934724212424346
G3_buffered_low_expansion_high_friction,a050_mu060_g020,G3,25,hot,20442,0.02,409,0.5012224938875306,0.078574037570347,0.0087777630003989,0.1569719762455471
G3_buffered_low_expansion_high_friction,a050_mu060_g020,G3,25,hot,20442,0.05,1023,0.5151515151515151,0.1498912171334367,0.0404309083654741,0.2930240451358336
G3_buffered_low_expansion_high_friction,a050_mu060_g020,G3,25,hot,20442,0.1,2045,0.5398533007334964,0.23422841869998,0.1075940949594361,0.4429463250018379
G3_buffered_low_expansion_high_friction,a050_mu060_g020,G3,25,hot,20442,0.2,4089,0.5764245536806065,0.3497303769566622,0.2057454448729884,0.631749271451107
G3_buffered_low_expansion_high_friction,a050_mu060_g020,G3,25,hot,20442,0.4,8177,0.6125718478659655,0.4829331983451417,0.3711929777895997,0.8381278146269167
G3_buffered_low_expansion_high_friction,a050_mu060_g020,G3,25,hot,20442,0.8,16354,0.6354408707349883,0.581019667727919,0.6911823380768719,0.9880683914754966
G3_buffered_low_expansion_high_friction,a050_mu060_g020,G3,25,hot,20442,1.0,20442,0.6515018099990216,0.5892281629842303,0.8594227955845192,1.0000000000000049
G3_buffered_low_expansion_high_friction,a050_mu060_g020,G3,26,cold,15010,0.01,151,0.4966887417218543,0.0201366670791198,0.000950931913275,0.0405757147495333
G3_buffered_low_expansion_high_friction,a050_mu060_g020,G3,26,cold,15010,0.02,301,0.4916943521594684,0.0357344903872496,0.00114111829593,0.0726346743880999
G3_buffered_low_expansion_high_friction,a050_mu060_g020,G3,26,cold,15010,0.05,751,0.4940079893475366,0.0767577794311447,0.00190186382655,0.1554101219187865
G3_buffered_low_expansion_high_friction,a050_mu060_g020,G3,26,cold,15010,0.1,1501,0.4930046635576282,0.1331785618705939,0.005515405096995,0.2699605373458011
G3_buffered_low_expansion_high_friction,a050_mu060_g020,G3,26,cold,15010,0.2,3002,0.5026648900732845,0.2266223892113899,0.0220616203879802,0.4524051876505287
G3_buffered_low_expansion_high_friction,a050_mu060_g020,G3,26,cold,15010,0.4,6004,0.5403064623584277,0.3745722890846383,0.4440852034994294,0.7106045246079841
G3_buffered_low_expansion_high_friction,a050_mu060_g020,G3,26,cold,15010,0.8,12008,0.6344103930712858,0.5616691365841725,0.802015975656143,0.9709388275335352
G3_buffered_low_expansion_high_friction,a050_mu060_g020,G3,26,cold,15010,1.0,15010,0.6634910059960026,0.5842460121857663,0.9153670597185242,0.9999999999999996
G3_buffered_low_expansion_high_friction,a050_mu060_g020,G3,26,hot,20821,0.01,209,0.492822966507177,0.0453465795901268,0.0031683168316831,0.0917258780289798
G3_buffered_low_expansion_high_friction,a050_mu060_g020,G3,26,hot,20821,0.02,417,0.5011990407673861,0.0762266693442134,0.0056765676567656,0.1523041974822646
G3_buffered_low_expansion_high_friction,a050_mu060_g020,G3,26,hot,20821,0.05,1042,0.5163147792706334,0.1468892022513783,0.053069306930693,0.2870250725710576
G3_buffered_low_expansion_high_friction,a050_mu060_g020,G3,26,hot,20821,0.1,2083,0.5396063370139222,0.2316315322313605,0.1023102310231023,0.4374108592699984
G3_buffered_low_expansion_high_friction,a050_mu060_g020,G3,26,hot,20821,0.2,4165,0.5781512605042017,0.3506601774552709,0.2101650165016501,0.6311860661384328
G3_buffered_low_expansion_high_friction,a050_mu060_g020,G3,26,hot,20821,0.4,8329,0.6177212150318165,0.4879691935529925,0.3768976897689769,0.8400417380165094
G3_buffered_low_expansion_high_friction,a050_mu060_g020,G3,26,hot,20821,0.8,16657,0.6390106261631746,0.585932410736827,0.6926732673267326,0.9886629785265646
G3_buffered_low_expansion_high_friction,a050_mu060_g020,G3,26,hot,20821,1.0,20821,0.6548676816675472,0.593855587015195,0.8596699669966996,0.9999999999999892
G3_buffered_low_expansion_high_friction,a050_mu060_g020,G3,27,cold,14977,0.01,150,0.4866666666666667,0.0203164687403625,0.0009503896597605,0.0416284741292628
G3_buffered_low_expansion_high_friction,a050_mu060_g020,G3,27,cold,14977,0.02,300,0.49,0.0364978779076098,0.0017107013875689,0.0743739300451053
G3_buffered_low_expansion_high_friction,a050_mu060_g020,G3,27,cold,14977,0.05,749,0.4926568758344459,0.0778127410536908,0.0020908572514731,0.1578231487447597
G3_buffered_low_expansion_high_friction,a050_mu060_g020,G3,27,cold,14977,0.1,1498,0.4953271028037383,0.1344047922768955,0.0045618703668504,0.2714210518592567
G3_buffered_low_expansion_high_friction,a050_mu060_g020,G3,27,cold,14977,0.2,2996,0.5,0.225540530140244,0.0277513780650066,0.4522012462260708
G3_buffered_low_expansion_high_friction,a050_mu060_g020,G3,27,cold,14977,0.4,5991,0.5413119679519279,0.3751347572020883,0.4512450104542863,0.7113987816465339
G3_buffered_low_expansion_high_friction,a050_mu060_g020,G3,27,cold,14977,0.8,11982,0.6323652144883992,0.5608111285906511,0.8099220680478997,0.9725313187311572
G3_buffered_low_expansion_high_friction,a050_mu060_g020,G3,27,cold,14977,1.0,14977,0.6626160112171997,0.5822349230470194,0.9163657099410758,1.0000000000000078
G3_buffered_low_expansion_high_friction,a050_mu060_g020,G3,27,hot,20458,0.01,205,0.4926829268292683,0.0504695723878478,0.0040166019547462,0.1021340817128437
G3_buffered_low_expansion_high_friction,a050_mu060_g020,G3,27,hot,20458,0.02,410,0.5024390243902439,0.0851180257187992,0.0056232427366447,0.1697624217356871
G3_buffered_low_expansion_high_friction,a050_mu060_g020,G3,27,hot,20458,0.05,1023,0.5151515151515151,0.1579517773449873,0.0512786182889275,0.3092372442933236
G3_buffered_low_expansion_high_friction,a050_mu060_g020,G3,27,hot,20458,0.1,2046,0.544477028347996,0.2460162611500881,0.1022894631142053,0.4628170492196185
G3_buffered_low_expansion_high_friction,a050_mu060_g020,G3,27,hot,20458,0.2,4092,0.5796676441837733,0.3585988895730468,0.2083277547195073,0.6468863400966198
G3_buffered_low_expansion_high_friction,a050_mu060_g020,G3,27,hot,20458,0.4,8184,0.6081378299120235,0.4842192425605293,0.3838532601419199,0.8451046726266812
G3_buffered_low_expansion_high_friction,a050_mu060_g020,G3,27,hot,20458,0.8,16367,0.635852630292662,0.5790588369685638,0.698487079930379,0.9887177487175
G3_buffered_low_expansion_high_friction,a050_mu060_g020,G3,27,hot,20458,1.0,20458,0.6525564571316844,0.5869601971639002,0.8667827018342482,1.000000000000005
G3_buffered_low_expansion_high_friction,a050_mu060_g020,G3,28,cold,14420,0.01,145,0.496551724137931,0.0204706044228214,0.0013730874852883,0.0412624182259119
G3_buffered_low_expansion_high_friction,a050_mu060_g020,G3,28,cold,14420,0.02,289,0.4948096885813148,0.0367813452765549,0.0015692428403295,0.0743599383276175
G3_buffered_low_expansion_high_friction,a050_mu060_g020,G3,28,cold,14420,0.05,721,0.4951456310679611,0.0776371115703493,0.0029423303256178,0.1568542246967242
G3_buffered_low_expansion_high_friction,a050_mu060_g020,G3,28,cold,14420,0.1,1442,0.4944521497919556,0.1337119024657017,0.0054923499411533,0.2704493725812367
G3_buffered_low_expansion_high_friction,a050_mu060_g020,G3,28,cold,14420,0.2,2884,0.5,0.2250555890842089,0.0219693997646135,0.451283160318821
G3_buffered_low_expansion_high_friction,a050_mu060_g020,G3,28,cold,14420,0.4,5768,0.5360610263522885,0.370918022488148,0.4574342879560612,0.708804688529256
G3_buffered_low_expansion_high_friction,a050_mu060_g020,G3,28,cold,14420,0.8,11536,0.6288141470180305,0.5565275232665821,0.80757159670459,0.970456744876344
G3_buffered_low_expansion_high_friction,a050_mu060_g020,G3,28,cold,14420,1.0,14420,0.6597087378640777,0.579543416563846,0.9225186347587288,0.9999999999999974
G3_buffered_low_expansion_high_friction,a050_mu060_g020,G3,28,hot,20289,0.01,203,0.4975369458128079,0.0492033148255883,0.0034708316646642,0.0988675936609637
G3_buffered_low_expansion_high_friction,a050_mu060_g020,G3,28,hot,20289,0.02,406,0.5,0.0828750806574394,0.0038713122413562,0.1658943308389149
G3_buffered_low_expansion_high_friction,a050_mu060_g020,G3,28,hot,20289,0.05,1015,0.5211822660098522,0.1563930501793651,0.0417834735015351,0.3039223451196745
G3_buffered_low_expansion_high_friction,a050_mu060_g020,G3,28,hot,20289,0.1,2029,0.5362247412518482,0.2389210060787607,0.1045254305166199,0.4536218517296721
G3_buffered_low_expansion_high_friction,a050_mu060_g020,G3,28,hot,20289,0.2,4058,0.574913750616067,0.3537868844847609,0.2082498998798558,0.6412714210173517
G3_buffered_low_expansion_high_friction,a050_mu060_g020,G3,28,hot,20289,0.4,8116,0.6108920650566781,0.4832110664046486,0.3776531838205847,0.8419941482835399
G3_buffered_low_expansion_high_friction,a050_mu060_g020,G3,28,hot,20289,0.8,16232,0.6335017249876786,0.5790300711413858,0.7016419703644373,0.9884268214169925
G3_buffered_low_expansion_high_friction,a050_mu060_g020,G3,28,hot,20289,1.0,20289,0.652126768199517,0.5872312983904046,0.8480843679081564,1.0000000000000109
G3_buffered_low_expansion_high_friction,a050_mu060_g020,G3,29,cold,14964,0.01,150,0.5,0.019923251550239,0.0009529254812273,0.0399391013035465
G3_buffered_low_expansion_high_friction,a050_mu060_g020,G3,29,cold,14964,0.02,300,0.49,0.0353089776131353,0.0009529254812273,0.0720062339763003
G3_buffered_low_expansion_high_friction,a050_mu060_g020,G3,29,cold,14964,0.05,749,0.4939919893190921,0.0762979666481239,0.0024776062511911,0.1544680834341105
G3_buffered_low_expansion_high_friction,a050_mu060_g020,G3,29,cold,14964,0.1,1497,0.4969939879759519,0.1332716018059475,0.0087669144272917,0.2684517566638284
G3_buffered_low_expansion_high_friction,a050_mu060_g020,G3,29,cold,14964,0.2,2993,0.4998329435349148,0.2243864472198795,0.0289689346293119,0.4498453364608381
G3_buffered_low_expansion_high_friction,a050_mu060_g020,G3,29,cold,14964,0.4,5986,0.5400935516204477,0.3733209750606109,0.4549266247379455,0.7091246112934136
G3_buffered_low_expansion_high_friction,a050_mu060_g020,G3,29,cold,14964,0.8,11972,0.6282993651854327,0.5575340665012145,0.8162759672193635,0.970762488074839
G3_buffered_low_expansion_high_friction,a050_mu060_g020,G3,29,cold,14964,1.0,14964,0.6624565624164662,0.5807505718301145,0.9191919191919192,1.0000000000000016
G3_buffered_low_expansion_high_friction,a050_mu060_g020,G3,29,hot,20870,0.01,209,0.4976076555023923,0.0488722581025074,0.0023746701846965,0.098172023681992
G3_buffered_low_expansion_high_friction,a050_mu060_g020,G3,29,hot,20870,0.02,418,0.4976076555023923,0.0815551485066678,0.0059366754617414,0.1637998707925327
G3_buffered_low_expansion_high_friction,a050_mu060_g020,G3,29,hot,20870,0.05,1044,0.5134099616858238,0.157348714863497,0.0357519788918205,0.308640918007904
G3_buffered_low_expansion_high_friction,a050_mu060_g020,G3,29,hot,20870,0.1,2087,0.5481552467656924,0.2475837670938574,0.1077836411609498,0.4638421334683136
G3_buffered_low_expansion_high_friction,a050_mu060_g020,G3,29,hot,20870,0.2,4174,0.5833732630570196,0.3626421842606609,0.2076517150395778,0.650177230951708
G3_buffered_low_expansion_high_friction,a050_mu060_g020,G3,29,hot,20870,0.4,8348,0.6214662194537613,0.4923857185464933,0.3700527704485488,0.8476143163335655
G3_buffered_low_expansion_high_friction,a050_mu060_g020,G3,29,hot,20870,0.8,16696,0.639853857211308,0.58498676130778,0.6977572559366755,0.9887876462691892
G3_buffered_low_expansion_high_friction,a050_mu060_g020,G3,29,hot,20870,1.0,20870,0.6546717776712985,0.5927514456220904,0.8705804749340369,0.9999999999999932
G3_buffered_low_expansion_high_friction,a050_mu060_g020,G3,30,cold,14868,0.01,149,0.4899328859060403,0.0202170927933441,0.0009446438692612,0.0412089083681268
G3_buffered_low_expansion_high_friction,a050_mu060_g020,G3,30,cold,14868,0.02,298,0.4966442953020134,0.0364003279732302,0.0011335726431135,0.0733504069095915
G3_buffered_low_expansion_high_friction,a050_mu060_g020,G3,30,cold,14868,0.05,744,0.4946236559139785,0.0765836950710812,0.0017003589646703,0.1548670069952733
G3_buffered_low_expansion_high_friction,a050_mu060_g020,G3,30,cold,14868,0.1,1487,0.4942837928715534,0.1315919238671713,0.0037785754770451,0.2661667036483076
G3_buffered_low_expansion_high_friction,a050_mu060_g020,G3,30,cold,14868,0.2,2974,0.4979825151311365,0.221510408025439,0.0170035896467031,0.4454548415826195
G3_buffered_low_expansion_high_friction,a050_mu060_g020,G3,30,cold,14868,0.4,5948,0.5383322125084062,0.370124820544967,0.4481390515775552,0.7048735975523666
G3_buffered_low_expansion_high_friction,a050_mu060_g020,G3,30,cold,14868,0.8,11895,0.6305170239596469,0.5580473414580323,0.7978462119780843,0.9699064072442304
G3_buffered_low_expansion_high_friction,a050_mu060_g020,G3,30,cold,14868,1.0,14868,0.6596045197740112,0.5815213479501908,0.9064802569431324,0.999999999999998
G3_buffered_low_expansion_high_friction,a050_mu060_g020,G3,30,hot,20905,0.01,210,0.4952380952380952,0.0458174381252871,0.0023856858846918,0.0923760183108953
G3_buffered_low_expansion_high_friction,a050_mu060_g020,G3,30,hot,20905,0.02,419,0.5011933174224343,0.0776176477638404,0.0062292909211398,0.1550298886434134
G3_buffered_low_expansion_high_friction,a050_mu060_g020,G3,30,hot,20905,0.05,1046,0.5066921606118547,0.1465445755823656,0.0421471172962226,0.2902033699525596
G3_buffered_low_expansion_high_friction,a050_mu060_g020,G3,30,hot,20905,0.1,2091,0.5380200860832137,0.2333468906069835,0.1077534791252485,0.4433276090986699
G3_buffered_low_expansion_high_friction,a050_mu060_g020,G3,30,hot,20905,0.2,4181,0.5735469983257594,0.3506080743971536,0.2157720344599072,0.6364401638513861
G3_buffered_low_expansion_high_friction,a050_mu060_g020,G3,30,hot,20905,0.4,8362,0.6223391533126046,0.4882982080913844,0.3823724320742213,0.842511668487935
G3_buffered_low_expansion_high_friction,a050_mu060_g020,G3,30,hot,20905,0.8,16724,0.6426692178904568,0.5858000710484818,0.6963552021206096,0.9890049167898688
G3_buffered_low_expansion_high_friction,a050_mu060_g020,G3,30,hot,20905,1.0,20905,0.6559196364506099,0.5933196374951762,0.8756792577866136,0.999999999999996
R1_low_expansion_low_friction,a050_mu010_g002,R1,1,cold,16662,0.01,167,0.4850299401197604,0.022844542972701,0.000837801608579,0.0471165180165875
R1_low_expansion_low_friction,a050_mu010_g002,R1,1,cold,16662,0.02,334,0.4850299401197604,0.0403258762202181,0.0010053619302949,0.0831004412906721
R1_low_expansion_low_friction,a050_mu010_g002,R1,1,cold,16662,0.05,834,0.4952038369304556,0.0849753792533774,0.0030160857908847,0.1720521500856151
R1_low_expansion_low_friction,a050_mu010_g002,R1,1,cold,16662,0.1,1667,0.4913017396520696,0.1422896697706532,0.0092158176943699,0.289692865871909
R1_low_expansion_low_friction,a050_mu010_g002,R1,1,cold,16662,0.2,3333,0.4998499849984998,0.2351829277164438,0.0733914209115281,0.4726663428895465
R1_low_expansion_low_friction,a050_mu010_g002,R1,1,cold,16662,0.4,6665,0.5444861215303826,0.3840012872088363,0.4120308310991957,0.7275621166407399
R1_low_expansion_low_friction,a050_mu010_g002,R1,1,cold,16662,0.8,13330,0.6276819204801201,0.555979584929561,0.7535187667560321,0.9728677918682288
R1_low_expansion_low_friction,a050_mu010_g002,R1,1,cold,16662,1.0,16662,0.6612051374384827,0.5772652476345654,0.8728217158176944,1.0000000000000009
R1_low_expansion_low_friction,a050_mu010_g002,R1,1,hot,7243,0.01,73,0.4794520547945205,0.0475821904421377,0.0006231823847112,0.0991885992694398
R1_low_expansion_low_friction,a050_mu010_g002,R1,1,hot,7243,0.02,145,0.4827586206896552,0.0748657657577478,0.0008309098462816,0.155127566748857
R1_low_expansion_low_friction,a050_mu010_g002,R1,1,hot,7243,0.05,363,0.4876033057851239,0.1339183397844692,0.001038637307852,0.2756554538484581
R1_low_expansion_low_friction,a050_mu010_g002,R1,1,hot,7243,0.1,725,0.4896551724137931,0.2000846163750653,0.0012463647694225,0.4106050530097268
R1_low_expansion_low_friction,a050_mu010_g002,R1,1,hot,7243,0.2,1449,0.4865424430641822,0.288391914477675,0.0018695471541337,0.5938053066039097
R1_low_expansion_low_friction,a050_mu010_g002,R1,1,hot,7243,0.4,2898,0.4886128364389234,0.3964268892067258,0.0041545492314083,0.8140983296532539
R1_low_expansion_low_friction,a050_mu010_g002,R1,1,hot,7243,0.8,5795,0.4864538395168248,0.4794695839698061,0.0328209389281263,0.9865458689678158
R1_low_expansion_low_friction,a050_mu010_g002,R1,1,hot,7243,1.0,7243,0.5014496755488057,0.4864989869392386,0.0423764021603656,0.9999999999999974
R1_low_expansion_low_friction,a050_mu010_g002,R1,2,cold,25857,0.01,259,0.4903474903474903,0.0200284621637289,0.0009627286480539,0.040775708568794
R1_low_expansion_low_friction,a050_mu010_g002,R1,2,cold,25857,0.02,518,0.4961389961389961,0.0364509987586853,0.001375326640077,0.0734690249971287
R1_low_expansion_low_friction,a050_mu010_g002,R1,2,cold,25857,0.05,1293,0.4972931167826759,0.0771127042405151,0.0037133819282079,0.155120833567416
R1_low_expansion_low_friction,a050_mu010_g002,R1,2,cold,25857,0.1,2586,0.4988399071925754,0.1327908152313472,0.0165039196809242,0.2664760247890821
R1_low_expansion_low_friction,a050_mu010_g002,R1,2,cold,25857,0.2,5172,0.5177880897138438,0.2273109639216297,0.2591115389905102,0.4430343381647498
R1_low_expansion_low_friction,a050_mu010_g002,R1,2,cold,25857,0.4,10343,0.5961519868510103,0.396936397533416,0.5194608719570898,0.6963144674462216
R1_low_expansion_low_friction,a050_mu010_g002,R1,2,cold,25857,0.8,20686,0.6968481098327372,0.6090312652109852,0.825195984046211,0.9650706583589806
R1_low_expansion_low_friction,a050_mu010_g002,R1,2,cold,25857,1.0,25857,0.7261089840275361,0.6383273569603629,0.9416861504607345,1.0000000000000049
R1_low_expansion_low_friction,a050_mu010_g002,R1,2,hot,22329,0.01,224,0.4776785714285714,0.052790994329264,0.0011618900077459,0.1095467898615032
R1_low_expansion_low_friction,a050_mu010_g002,R1,2,hot,22329,0.02,447,0.494407158836689,0.0795601444454662,0.0018073844564936,0.1619248670837701
R1_low_expansion_low_friction,a050_mu010_g002,R1,2,hot,22329,0.05,1117,0.495076096687556,0.1331923819099268,0.0052930544797314,0.2703582165826844
R1_low_expansion_low_friction,a050_mu010_g002,R1,2,hot,22329,0.1,2233,0.4970891177787729,0.1966766982690567,0.0116189000774593,0.397731435932296
R1_low_expansion_low_friction,a050_mu010_g002,R1,2,hot,22329,0.2,4466,0.5013434841021048,0.2849030992893575,0.1120578363026078,0.5724259110257426
R1_low_expansion_low_friction,a050_mu010_g002,R1,2,hot,22329,0.4,8932,0.5378414688759516,0.4094139733422673,0.3626387813064807,0.7899539135800961
R1_low_expansion_low_friction,a050_mu010_g002,R1,2,hot,22329,0.8,17864,0.6230967308553516,0.541882933901802,0.7844048541182546,0.9810001418568228
R1_low_expansion_low_friction,a050_mu010_g002,R1,2,hot,22329,1.0,22329,0.6691746159702628,0.5576412706859248,0.8790343403046734,0.9999999999999908
R1_low_expansion_low_friction,a050_mu010_g002,R1,3,cold,21770,0.01,218,0.4908256880733945,0.0191962084540596,0.0010820837842015,0.0390864298020778
R1_low_expansion_low_friction,a050_mu010_g002,R1,3,cold,21770,0.02,436,0.4954128440366973,0.0351188486096648,0.0013912505796877,0.0709308299740279
R1_low_expansion_low_friction,a050_mu010_g002,R1,3,cold,21770,0.05,1089,0.4940312213039485,0.075321523469642,0.0027825011593754,0.1524480692984011
R1_low_expansion_low_friction,a050_mu010_g002,R1,3,cold,21770,0.1,2177,0.4965548920532843,0.1313093046867399,0.0165404235585098,0.2645966375449705
R1_low_expansion_low_friction,a050_mu010_g002,R1,3,cold,21770,0.2,4354,0.5119430408819476,0.2255760551478875,0.2290925954552481,0.4437772062640268
R1_low_expansion_low_friction,a050_mu010_g002,R1,3,cold,21770,0.4,8708,0.5826825907211759,0.3909406660879032,0.4977585407327253,0.698524594914774
R1_low_expansion_low_friction,a050_mu010_g002,R1,3,cold,21770,0.8,17416,0.6866674322462104,0.5993275825556859,0.8008965837069099,0.9660630510514308
R1_low_expansion_low_friction,a050_mu010_g002,R1,3,cold,21770,1.0,21770,0.7144235186035829,0.6270775069334835,0.9131241304683876,0.9999999999999922
R1_low_expansion_low_friction,a050_mu010_g002,R1,3,hot,22529,0.01,226,0.495575221238938,0.0557684098252634,0.0031952965235173,0.1129939467966511
R1_low_expansion_low_friction,a050_mu010_g002,R1,3,hot,22529,0.02,451,0.4922394678492239,0.0844829822605888,0.0052402862985685,0.1716603617822124
R1_low_expansion_low_friction,a050_mu010_g002,R1,3,hot,22529,0.05,1127,0.4960070984915705,0.1447254324250199,0.0153374233128834,0.2925271500782715
R1_low_expansion_low_friction,a050_mu010_g002,R1,3,hot,22529,0.1,2253,0.507323568575233,0.2140063103984143,0.0593047034764826,0.4261587579976197
R1_low_expansion_low_friction,a050_mu010_g002,R1,3,hot,22529,0.2,4506,0.5335108743897026,0.3132093128566048,0.1468558282208589,0.6039715370003802
R1_low_expansion_low_friction,a050_mu010_g002,R1,3,hot,22529,0.4,9012,0.559254327563249,0.4341387451823815,0.3376789366053169,0.8112815973723385
R1_low_expansion_low_friction,a050_mu010_g002,R1,3,hot,22529,0.8,18024,0.625832223701731,0.5511073878728935,0.7673824130879345,0.9846360033703622
R1_low_expansion_low_friction,a050_mu010_g002,R1,3,hot,22529,1.0,22529,0.6687380709308003,0.5635984112266039,0.876278118609407,1.000000000000007
R1_low_expansion_low_friction,a050_mu010_g002,R1,4,cold,22331,0.01,224,0.4955357142857143,0.0193583739529121,0.0007799095304944,0.0390650751657048
R1_low_expansion_low_friction,a050_mu010_g002,R1,4,cold,22331,0.02,447,0.4966442953020134,0.0348404249456402,0.0009358914365933,0.070170313864183
R1_low_expansion_low_friction,a050_mu010_g002,R1,4,cold,22331,0.05,1117,0.4959713518352731,0.074385817536883,0.0024957104975822,0.1499820214942882
R1_low_expansion_low_friction,a050_mu010_g002,R1,4,cold,22331,0.1,2234,0.4968666069829902,0.1288987883475312,0.0059273124317579,0.2595143603375123
R1_low_expansion_low_friction,a050_mu010_g002,R1,4,cold,22331,0.2,4467,0.5115289903738527,0.2209983608516244,0.1257214163157073,0.4351312295398311
R1_low_expansion_low_friction,a050_mu010_g002,R1,4,cold,22331,0.4,8933,0.5809918280532855,0.3861129079727138,0.5261269692715645,0.6908970568648719
R1_low_expansion_low_friction,a050_mu010_g002,R1,4,cold,22331,0.8,17865,0.6914077805765463,0.6028042859923111,0.828731867103416,0.9644758976936612
R1_low_expansion_low_friction,a050_mu010_g002,R1,4,cold,22331,1.0,22331,0.7211499708924813,0.6328304677853313,0.9369833099360474,1.0000000000000002
R1_low_expansion_low_friction,a050_mu010_g002,R1,4,hot,21001,0.01,211,0.4834123222748815,0.0503522012913458,0.0018481848184818,0.1042789614254333
R1_low_expansion_low_friction,a050_mu010_g002,R1,4,hot,21001,0.02,421,0.4940617577197149,0.0786690297584141,0.0048844884488448,0.1603896148873525
R1_low_expansion_low_friction,a050_mu010_g002,R1,4,hot,21001,0.05,1051,0.5033301617507137,0.1398492321625266,0.0242904290429042,0.2809508352334987
R1_low_expansion_low_friction,a050_mu010_g002,R1,4,hot,21001,0.1,2101,0.5073774393146121,0.2094092849121344,0.052013201320132,0.416888921314979
R1_low_expansion_low_friction,a050_mu010_g002,R1,4,hot,21001,0.2,4201,0.5310640323732445,0.3099900228864218,0.1559075907590759,0.5985303176010496
R1_low_expansion_low_friction,a050_mu010_g002,R1,4,hot,21001,0.4,8401,0.5682656826568265,0.4381384700938298,0.3141914191419142,0.8107912558575284
R1_low_expansion_low_friction,a050_mu010_g002,R1,4,hot,21001,0.8,16801,0.6191298137015654,0.5522258716917001,0.7115511551155116,0.9847074130045496
R1_low_expansion_low_friction,a050_mu010_g002,R1,4,hot,21001,1.0,21001,0.6586353030808056,0.5641682540628358,0.8501650165016502,1.000000000000001
R1_low_expansion_low_friction,a050_mu010_g002,R1,5,cold,21823,0.01,219,0.4885844748858447,0.0185691776294633,0.0006303183107469,0.0379680511181449
R1_low_expansion_low_friction,a050_mu010_g002,R1,5,cold,21823,0.02,437,0.4919908466819222,0.0341081741365676,0.0012606366214938,0.0693032833791068
R1_low_expansion_low_friction,a050_mu010_g002,R1,5,cold,21823,0.05,1092,0.4954212454212454,0.073941650871149,0.0037819098644815,0.1493042743191577
R1_low_expansion_low_friction,a050_mu010_g002,R1,5,cold,21823,0.1,2183,0.4988547869903802,0.1294274583681721,0.0144973211471793,0.2597885420983453
R1_low_expansion_low_friction,a050_mu010_g002,R1,5,cold,21823,0.2,4365,0.5122565864833906,0.2223838322390507,0.109832965647652,0.4371858046234079
R1_low_expansion_low_friction,a050_mu010_g002,R1,5,cold,21823,0.4,8730,0.5821305841924399,0.3889264943794798,0.5146549007248661,0.6948716656002205
R1_low_expansion_low_friction,a050_mu010_g002,R1,5,cold,21823,0.8,17459,0.6878400824789507,0.6016496054134841,0.8238260321462338,0.9661599956393868
R1_low_expansion_low_friction,a050_mu010_g002,R1,5,cold,21823,1.0,21823,0.7187371122210512,0.6300397481750608,0.9287740308855972,0.9999999999999952
R1_low_expansion_low_friction,a050_mu010_g002,R1,5,hot,22304,0.01,224,0.4955357142857143,0.0491283643270772,0.0036396724294813,0.100132297320779
R1_low_expansion_low_friction,a050_mu010_g002,R1,5,hot,22304,0.02,447,0.4966442953020134,0.0789310331477202,0.0068893799558039,0.1600114984995555
R1_low_expansion_low_friction,a050_mu010_g002,R1,5,hot,22304,0.05,1116,0.5089605734767025,0.1456542558769967,0.0458858702716755,0.2893182447545788
R1_low_expansion_low_friction,a050_mu010_g002,R1,5,hot,22304,0.1,2231,0.5275661138502914,0.2223494949313804,0.0945014948654621,0.4297218236812559
R1_low_expansion_low_friction,a050_mu010_g002,R1,5,hot,22304,0.2,4461,0.5516700291414481,0.3265030073470875,0.1805537501624853,0.6106169728723199
R1_low_expansion_low_friction,a050_mu010_g002,R1,5,hot,22304,0.4,8922,0.5886572517372787,0.4566857243685127,0.3430391264786169,0.8192489074517819
R1_low_expansion_low_friction,a050_mu010_g002,R1,5,hot,22304,0.8,17844,0.6336583725622058,0.5674400382543614,0.7419732224099831,0.9853801995514576
R1_low_expansion_low_friction,a050_mu010_g002,R1,5,hot,22304,1.0,22304,0.6710007173601148,0.5790476544170935,0.8719615234628884,1.000000000000003
R1_low_expansion_low_friction,a050_mu010_g002,R1,6,cold,22537,0.01,226,0.495575221238938,0.0193733125578357,0.0007736345350456,0.0391080317760358
R1_low_expansion_low_friction,a050_mu010_g002,R1,6,cold,22537,0.02,451,0.4966740576496674,0.0350584764175505,0.0009283614420547,0.0706353357349869
R1_low_expansion_low_friction,a050_mu010_g002,R1,6,cold,22537,0.05,1127,0.4951197870452529,0.0747856056703453,0.002475630512146,0.1510553719506481
R1_low_expansion_low_friction,a050_mu010_g002,R1,6,cold,22537,0.1,2254,0.497338065661047,0.1304161643150717,0.0116045180256846,0.2624533064697477
R1_low_expansion_low_friction,a050_mu010_g002,R1,6,cold,22537,0.2,4508,0.5090949423247559,0.22236296120086,0.0824694414358657,0.439439339647084
R1_low_expansion_low_friction,a050_mu010_g002,R1,6,cold,22537,0.4,9015,0.5832501386577925,0.3897754499896224,0.5259167569240291,0.6960346598204241
R1_low_expansion_low_friction,a050_mu010_g002,R1,6,cold,22537,0.8,18030,0.6924015529672768,0.6038977185755086,0.8242302336376296,0.9666627659446284
R1_low_expansion_low_friction,a050_mu010_g002,R1,6,cold,22537,1.0,22537,0.7212583751164752,0.6316087001253426,0.9395017793594306,1.0000000000000058
R1_low_expansion_low_friction,a050_mu010_g002,R1,6,hot,20857,0.01,209,0.4976076555023923,0.0479591010812592,0.003469442220443,0.0968343133002234
R1_low_expansion_low_friction,a050_mu010_g002,R1,6,hot,20857,0.02,418,0.4976076555023923,0.0780751309856642,0.0085401654657058,0.1573602399851984
R1_low_expansion_low_friction,a050_mu010_g002,R1,6,hot,20857,0.05,1043,0.5091083413231065,0.1439867863407052,0.0378969842540699,0.2851480481126416
R1_low_expansion_low_friction,a050_mu010_g002,R1,6,hot,20857,0.1,2086,0.5254074784276127,0.2208050602636979,0.0906058179877235,0.4269229952157142
R1_low_expansion_low_friction,a050_mu010_g002,R1,6,hot,20857,0.2,4172,0.5508149568552253,0.3251607981164929,0.1674673071790766,0.6081808318668459
R1_low_expansion_low_friction,a050_mu010_g002,R1,6,hot,20857,0.4,8343,0.5764113628191299,0.4505635851478921,0.3265278889778489,0.8170141867431212
R1_low_expansion_low_friction,a050_mu010_g002,R1,6,hot,20857,0.8,16686,0.6268728275200767,0.5626721082790573,0.6900186816119562,0.9854685543075856
R1_low_expansion_low_friction,a050_mu010_g002,R1,6,hot,20857,1.0,20857,0.6625113870642949,0.5738197637902611,0.8235922070990126,1.000000000000001
R1_low_expansion_low_friction,a050_mu010_g002,R1,7,cold,22121,0.01,222,0.4864864864864865,0.0184315208115076,0.0007913896802785,0.0377989221434897
R1_low_expansion_low_friction,a050_mu010_g002,R1,7,cold,22121,0.02,443,0.4966139954853273,0.0340180337778347,0.0012662234884457,0.0685289650483878
R1_low_expansion_low_friction,a050_mu010_g002,R1,7,cold,22121,0.05,1107,0.4941282746160795,0.0734307387881755,0.0022158911047799,0.148530037170044
R1_low_expansion_low_friction,a050_mu010_g002,R1,7,cold,22121,0.1,2213,0.4975146859466787,0.1288279687217617,0.0060145615701171,0.2591245512188116
R1_low_expansion_low_friction,a050_mu010_g002,R1,7,cold,22121,0.2,4425,0.5091525423728813,0.2201662460087261,0.2290281734726179,0.4350392083302584
R1_low_expansion_low_friction,a050_mu010_g002,R1,7,cold,22121,0.4,8849,0.5853768787433609,0.3872180906120321,0.522633744855967,0.6897539750637638
R1_low_expansion_low_friction,a050_mu010_g002,R1,7,cold,22121,0.8,17697,0.6926032660902978,0.6041527778010056,0.8314339981006648,0.96447802852727
R1_low_expansion_low_friction,a050_mu010_g002,R1,7,cold,22121,1.0,22121,0.7233850187604539,0.634215708471902,0.9316239316239316,0.9999999999999958
R1_low_expansion_low_friction,a050_mu010_g002,R1,7,hot,20360,0.01,204,0.5,0.0474549640156339,0.0014629605000664,0.0966636796783198
R1_low_expansion_low_friction,a050_mu010_g002,R1,7,hot,20360,0.02,408,0.4950980392156863,0.0771621596653834,0.0053198563638781,0.1573256289724291
R1_low_expansion_low_friction,a050_mu010_g002,R1,7,hot,20360,0.05,1018,0.5108055009823183,0.1440651913703995,0.0283282351376512,0.2861473077551307
R1_low_expansion_low_friction,a050_mu010_g002,R1,7,hot,20360,0.1,2036,0.519155206286837,0.2179141754896058,0.0861816730948264,0.4263839291785681
R1_low_expansion_low_friction,a050_mu010_g002,R1,7,hot,20360,0.2,4072,0.5395383104125737,0.3203825130584471,0.1650485436893204,0.609702392341705
R1_low_expansion_low_friction,a050_mu010_g002,R1,7,hot,20360,0.4,8144,0.5709724950884086,0.4459487307117814,0.3211863279691448,0.8183712435690706
R1_low_expansion_low_friction,a050_mu010_g002,R1,7,hot,20360,0.8,16288,0.6182465618860511,0.5554273754887897,0.6926452985769385,0.9858422432338384
R1_low_expansion_low_friction,a050_mu010_g002,R1,7,hot,20360,1.0,20360,0.6546660117878192,0.5662912672514553,0.8175289267189786,1.0000000000000089
R1_low_expansion_low_friction,a050_mu010_g002,R1,8,cold,22400,0.01,224,0.5,0.0198946493979089,0.0007839448102853,0.0398334852916806
R1_low_expansion_low_friction,a050_mu010_g002,R1,8,cold,22400,0.02,448,0.4955357142857143,0.0357484299051923,0.0012543116964565,0.0721394150666855
R1_low_expansion_low_friction,a050_mu010_g002,R1,8,cold,22400,0.05,1120,0.49375,0.0760525272249495,0.0025086233929131,0.153913747922985
R1_low_expansion_low_friction,a050_mu010_g002,R1,8,cold,22400,0.1,2240,0.4964285714285714,0.1314407005372131,0.0070555032925682,0.2648768443708656
R1_low_expansion_low_friction,a050_mu010_g002,R1,8,cold,22400,0.2,4480,0.5107142857142857,0.2236603617981552,0.1903417999372844,0.4410737195435511
R1_low_expansion_low_friction,a050_mu010_g002,R1,8,cold,22400,0.4,8960,0.5868303571428571,0.3904459259229291,0.5206961429915334,0.6949526625499072
R1_low_expansion_low_friction,a050_mu010_g002,R1,8,cold,22400,0.8,17920,0.6926897321428571,0.6019114071983845,0.832706177485105,0.9636304855931652
R1_low_expansion_low_friction,a050_mu010_g002,R1,8,cold,22400,1.0,22400,0.7233482142857143,0.6327066045862979,0.938381937911571,0.9999999999999992
R1_low_expansion_low_friction,a050_mu010_g002,R1,8,hot,20464,0.01,205,0.4926829268292683,0.0460664997541537,0.0018701576275714,0.0939205942945798
R1_low_expansion_low_friction,a050_mu010_g002,R1,8,hot,20464,0.02,410,0.4975609756097561,0.0772359030887223,0.0045418113812449,0.1558756422571527
R1_low_expansion_low_friction,a050_mu010_g002,R1,8,hot,20464,0.05,1024,0.509765625,0.1461065076604485,0.0366016564253272,0.2889060770102938
R1_low_expansion_low_friction,a050_mu010_g002,R1,8,hot,20464,0.1,2047,0.5334636052760137,0.2260632652775537,0.0874966604328079,0.4324484475648325
R1_low_expansion_low_friction,a050_mu010_g002,R1,8,hot,20464,0.2,4093,0.5572929391644271,0.3328137954626807,0.1671119422922789,0.6165324927273644
R1_low_expansion_low_friction,a050_mu010_g002,R1,8,hot,20464,0.4,8186,0.5795260200342047,0.4572095636321731,0.3184611274378841,0.8232087943593135
R1_low_expansion_low_friction,a050_mu010_g002,R1,8,hot,20464,0.8,16372,0.6229538236012705,0.5635788012619745,0.6697835960459524,0.9855953157212008
R1_low_expansion_low_friction,a050_mu010_g002,R1,8,hot,20464,1.0,20464,0.6572028928850665,0.5746267497163013,0.8095110873630778,1.000000000000003
R1_low_expansion_low_friction,a050_mu010_g002,R1,9,cold,22145,0.01,222,0.4954954954954955,0.0192113580082611,0.0011027095148078,0.0388006578232523
R1_low_expansion_low_friction,a050_mu010_g002,R1,9,cold,22145,0.02,443,0.4943566591422121,0.0348961199625705,0.0011027095148078,0.0706124309419562
R1_low_expansion_low_friction,a050_mu010_g002,R1,9,cold,22145,0.05,1108,0.4981949458483754,0.0749981399999344,0.0020478890989287,0.150731821289245
R1_low_expansion_low_friction,a050_mu010_g002,R1,9,cold,22145,0.1,2215,0.4975169300225733,0.1296339780995733,0.0066162570888468,0.260779242406114
R1_low_expansion_low_friction,a050_mu010_g002,R1,9,cold,22145,0.2,4429,0.5073379995484308,0.2209311782049479,0.1482356647763075,0.4377180747644626
R1_low_expansion_low_friction,a050_mu010_g002,R1,9,cold,22145,0.4,8858,0.5815082411379544,0.3871255258190371,0.5239445494643983,0.6938873031844205
R1_low_expansion_low_friction,a050_mu010_g002,R1,9,cold,22145,0.8,17716,0.691747572815534,0.6024747072992012,0.8311279143037177,0.965402185108297
R1_low_expansion_low_friction,a050_mu010_g002,R1,9,cold,22145,1.0,22145,0.7216979002032061,0.6315107237782389,0.937775677378702,1.0000000000000069
R1_low_expansion_low_friction,a050_mu010_g002,R1,9,hot,21077,0.01,211,0.4976303317535545,0.0471704779580521,0.0023649980291683,0.0949680722517993
R1_low_expansion_low_friction,a050_mu010_g002,R1,9,hot,21077,0.02,422,0.509478672985782,0.0792554156289135,0.0080147155432926,0.1565634264121421
R1_low_expansion_low_friction,a050_mu010_g002,R1,9,hot,21077,0.05,1054,0.5113851992409867,0.1469217090790513,0.0379713572460911,0.2886549550965778
R1_low_expansion_low_friction,a050_mu010_g002,R1,9,hot,21077,0.1,2108,0.536527514231499,0.2293086282806008,0.092760478255157,0.4352172478968829
R1_low_expansion_low_friction,a050_mu010_g002,R1,9,hot,21077,0.2,4216,0.5654648956356736,0.3392991709539659,0.1715937458941006,0.6204368472110047
R1_low_expansion_low_friction,a050_mu010_g002,R1,9,hot,21077,0.4,8431,0.5884236745344562,0.4637367994489691,0.3178294573643411,0.8247526571634167
R1_low_expansion_low_friction,a050_mu010_g002,R1,9,hot,21077,0.8,16862,0.6278614636460681,0.5695655107379614,0.6741558270923663,0.9863262350344064
R1_low_expansion_low_friction,a050_mu010_g002,R1,9,hot,21077,1.0,21077,0.6618588983251886,0.5799838594415937,0.810668768887137,1.0000000000000029
R1_low_expansion_low_friction,a050_mu010_g002,R1,10,cold,21676,0.01,217,0.4930875576036866,0.0185441834496484,0.0009668063164679,0.0375948091342066
R1_low_expansion_low_friction,a050_mu010_g002,R1,10,cold,21676,0.02,434,0.4953917050691244,0.0338427759558714,0.0011279407025459,0.068354121753477
R1_low_expansion_low_friction,a050_mu010_g002,R1,10,cold,21676,0.05,1084,0.4972324723247232,0.0735382526890753,0.0024170157911698,0.1480647656979677
R1_low_expansion_low_friction,a050_mu010_g002,R1,10,cold,21676,0.1,2168,0.4953874538745387,0.1282500400439994,0.0082178536899774,0.2589359892162564
R1_low_expansion_low_friction,a050_mu010_g002,R1,10,cold,21676,0.2,4336,0.5055350553505535,0.2199863525552704,0.1533999355462455,0.4370743531147006
R1_low_expansion_low_friction,a050_mu010_g002,R1,10,cold,21676,0.4,8671,0.5805558759081998,0.3868069611037091,0.5275539800193362,0.6936543536427869
R1_low_expansion_low_friction,a050_mu010_g002,R1,10,cold,21676,0.8,17341,0.690790611844761,0.6018892564461393,0.8317757009345794,0.9656553432623548
R1_low_expansion_low_friction,a050_mu010_g002,R1,10,cold,21676,1.0,21676,0.7212585347850157,0.6306273598162998,0.940863680309378,1.00000000000001
R1_low_expansion_low_friction,a050_mu010_g002,R1,10,hot,21513,0.01,216,0.5,0.0472343436803469,0.0022277552090158,0.0945250705496166
R1_low_expansion_low_friction,a050_mu010_g002,R1,10,hot,21513,0.02,431,0.4965197215777262,0.0786784560324787,0.0128423535578561,0.1582299250320074
R1_low_expansion_low_friction,a050_mu010_g002,R1,10,hot,21513,0.05,1076,0.5130111524163569,0.1514236285174869,0.0482243480539903,0.2967282812982167
R1_low_expansion_low_friction,a050_mu010_g002,R1,10,hot,21513,0.1,2152,0.5385687732342007,0.2342429384422178,0.0986764513169964,0.4432219485454068
R1_low_expansion_low_friction,a050_mu010_g002,R1,10,hot,21513,0.2,4303,0.5672786428073437,0.3435973569766645,0.1847726379242563,0.6268380824701698
R1_low_expansion_low_friction,a050_mu010_g002,R1,10,hot,21513,0.4,8606,0.5963281431559377,0.4698048628051187,0.3319355261433626,0.82909461265613
R1_low_expansion_low_friction,a050_mu010_g002,R1,10,hot,21513,0.8,17211,0.6325605717273837,0.5735117320999217,0.6886384484340191,0.986523162912571
R1_low_expansion_low_friction,a050_mu010_g002,R1,10,hot,21513,1.0,21513,0.6655975456700599,0.5837682810431576,0.8321320927794522,0.999999999999998
R1_low_expansion_low_friction,a050_mu010_g002,R1,11,cold,22061,0.01,221,0.4932126696832579,0.0192725290017008,0.000793902826294,0.0390509715490373
R1_low_expansion_low_friction,a050_mu010_g002,R1,11,cold,22061,0.02,442,0.497737556561086,0.0351907832413245,0.0014290250873293,0.0707681924203139
R1_low_expansion_low_friction,a050_mu010_g002,R1,11,cold,22061,0.05,1104,0.4963768115942029,0.0748671529012071,0.0030168307399174,0.1509011234208014
R1_low_expansion_low_friction,a050_mu010_g002,R1,11,cold,22061,0.1,2207,0.4956955142727685,0.1294573428923082,0.0114322006986344,0.2611882292850534
R1_low_expansion_low_friction,a050_mu010_g002,R1,11,cold,22061,0.2,4413,0.5060049852707909,0.2203241829333752,0.1436964115592251,0.4374563114661994
R1_low_expansion_low_friction,a050_mu010_g002,R1,11,cold,22061,0.4,8825,0.5862889518413598,0.3888485629788847,0.5260400127024453,0.6924003852177696
R1_low_expansion_low_friction,a050_mu010_g002,R1,11,cold,22061,0.8,17649,0.6936936936936937,0.604322173453073,0.8278818672594475,0.9646641236730984
R1_low_expansion_low_friction,a050_mu010_g002,R1,11,cold,22061,1.0,22061,0.7232219754317574,0.633891624435229,0.9326770403302636,0.999999999999988
R1_low_expansion_low_friction,a050_mu010_g002,R1,11,hot,21724,0.01,218,0.5,0.0469306990509011,0.0026336581511719,0.0940312399242548
R1_low_expansion_low_friction,a050_mu010_g002,R1,11,hot,21724,0.02,435,0.503448275862069,0.0788129212465835,0.0069791941006057,0.1568843023675792
R1_low_expansion_low_friction,a050_mu010_g002,R1,11,hot,21724,0.05,1087,0.5170193192272309,0.1484471270344035,0.0503028706873847,0.2894897332137603
R1_low_expansion_low_friction,a050_mu010_g002,R1,11,hot,21724,0.1,2173,0.5416474919466175,0.2307664115639155,0.1011324730050039,0.4348054700759232
R1_low_expansion_low_friction,a050_mu010_g002,R1,11,hot,21724,0.2,4345,0.5744533947065593,0.3426165989448255,0.1865946800105346,0.6193277415214943
R1_low_expansion_low_friction,a050_mu010_g002,R1,11,hot,21724,0.4,8690,0.6003452243958574,0.4695431759527399,0.3510666315512246,0.8237441470650164
R1_low_expansion_low_friction,a050_mu010_g002,R1,11,hot,21724,0.8,17380,0.6377445339470655,0.5776771704180407,0.7022649460100079,0.9859888285769456
R1_low_expansion_low_friction,a050_mu010_g002,R1,11,hot,21724,1.0,21724,0.6701344135518321,0.5883774637699055,0.8398735844087437,1.0000000000000056
R1_low_expansion_low_friction,a050_mu010_g002,R1,12,cold,22163,0.01,222,0.4954954954954955,0.0195936730868257,0.0007885191610156,0.039544975933779
R1_low_expansion_low_friction,a050_mu010_g002,R1,12,cold,22163,0.02,444,0.4909909909909909,0.0349957659930679,0.0012616306576249,0.071191177019728
R1_low_expansion_low_friction,a050_mu010_g002,R1,12,cold,22163,0.05,1109,0.4959422903516681,0.0751992576902964,0.0022078536508437,0.1516790075948072
R1_low_expansion_low_friction,a050_mu010_g002,R1,12,cold,22163,0.1,2217,0.4975191700496166,0.130798956463836,0.0085160069389686,0.2631433865416662
R1_low_expansion_low_friction,a050_mu010_g002,R1,12,cold,22163,0.2,4433,0.5059778930746672,0.2212593307932076,0.0848446617252799,0.4393370667887836
R1_low_expansion_low_friction,a050_mu010_g002,R1,12,cold,22163,0.4,8866,0.5790660951951274,0.3867876139636284,0.5294117647058824,0.6950641846904353
R1_low_expansion_low_friction,a050_mu010_g002,R1,12,cold,22163,0.8,17731,0.691162370988664,0.6029901255992457,0.8355149030121432,0.9667756969309576
R1_low_expansion_low_friction,a050_mu010_g002,R1,12,cold,22163,1.0,22163,0.7222397689843433,0.6310982625796844,0.9369184671187508,1.0000000000000009
R1_low_expansion_low_friction,a050_mu010_g002,R1,12,hot,22373,0.01,224,0.5,0.0497898532882541,0.0032400207361327,0.0998434104829074
R1_low_expansion_low_friction,a050_mu010_g002,R1,12,hot,22373,0.02,448,0.5022321428571429,0.0817127700436655,0.0125712804561949,0.1632509716964648
R1_low_expansion_low_friction,a050_mu010_g002,R1,12,hot,22373,0.05,1119,0.5201072386058981,0.1516807943062878,0.0526179367547952,0.2948735298075308
R1_low_expansion_low_friction,a050_mu010_g002,R1,12,hot,22373,0.1,2238,0.5406613047363718,0.233156135579181,0.1005702436495593,0.4400000467312101
R1_low_expansion_low_friction,a050_mu010_g002,R1,12,hot,22373,0.2,4475,0.5673743016759777,0.3404935360870004,0.1884396060134784,0.6209650306103508
R1_low_expansion_low_friction,a050_mu010_g002,R1,12,hot,22373,0.4,8950,0.5981005586592179,0.4675844853883587,0.3522550544323484,0.8237321100444456
R1_low_expansion_low_friction,a050_mu010_g002,R1,12,hot,22373,0.8,17899,0.6405944466171295,0.5764144401230938,0.7161741835147745,0.9855715072223108
R1_low_expansion_low_friction,a050_mu010_g002,R1,12,hot,22373,1.0,22373,0.6742502123094801,0.587749000844794,0.8383877656817004,0.9999999999999948
R1_low_expansion_low_friction,a050_mu010_g002,R1,13,cold,21597,0.01,216,0.4907407407407407,0.0194584945893938,0.0009584664536741,0.0396014869618568
R1_low_expansion_low_friction,a050_mu010_g002,R1,13,cold,21597,0.02,432,0.4930555555555556,0.0350455769420119,0.0011182108626198,0.0710385687847978
R1_low_expansion_low_friction,a050_mu010_g002,R1,13,cold,21597,0.05,1080,0.4972222222222222,0.0753338198346574,0.0033546325878594,0.1516307036433429
R1_low_expansion_low_friction,a050_mu010_g002,R1,13,cold,21597,0.1,2160,0.4962962962962963,0.1305652598648604,0.0062300319488817,0.2631175540510581
R1_low_expansion_low_friction,a050_mu010_g002,R1,13,cold,21597,0.2,4320,0.5060185185185185,0.2221593527288489,0.0932907348242811,0.441097169436246
R1_low_expansion_low_friction,a050_mu010_g002,R1,13,cold,21597,0.4,8639,0.5769186248408381,0.3856694669025262,0.5266773162939297,0.6958052778514664
R1_low_expansion_low_friction,a050_mu010_g002,R1,13,cold,21597,0.8,17278,0.6887371223521241,0.5988457770934702,0.8258785942492013,0.9655097814428776
R1_low_expansion_low_friction,a050_mu010_g002,R1,13,cold,21597,1.0,21597,0.718988748437283,0.6277918557271203,0.9338658146964856,1.0000000000000069
R1_low_expansion_low_friction,a050_mu010_g002,R1,13,hot,22301,0.01,224,0.5,0.0533349242483568,0.0028442146089204,0.1069192748427768
R1_low_expansion_low_friction,a050_mu010_g002,R1,13,hot,22301,0.02,447,0.5011185682326622,0.0860323929721279,0.0077569489334195,0.1721447372376422
R1_low_expansion_low_friction,a050_mu010_g002,R1,13,hot,22301,0.05,1116,0.521505376344086,0.158617586438131,0.048093083387201,0.3082099434072162
R1_low_expansion_low_friction,a050_mu010_g002,R1,13,hot,22301,0.1,2231,0.5405647691618108,0.2373025671351353,0.1007110536522301,0.4488096869832469
R1_low_expansion_low_friction,a050_mu010_g002,R1,13,hot,22301,0.2,4461,0.5691548980049316,0.3433150843307189,0.1870717517776341,0.6266447941429447
R1_low_expansion_low_friction,a050_mu010_g002,R1,13,hot,22301,0.4,8921,0.5967940813810111,0.4682381964578572,0.3506140917905623,0.8269631511557761
R1_low_expansion_low_friction,a050_mu010_g002,R1,13,hot,22301,0.8,17841,0.6381929264054705,0.5750262006715507,0.6903684550743374,0.9863780941656524
R1_low_expansion_low_friction,a050_mu010_g002,R1,13,hot,22301,1.0,22301,0.6721223263530783,0.5856357217708598,0.8363283775048481,0.9999999999999988
R1_low_expansion_low_friction,a050_mu010_g002,R1,14,cold,21646,0.01,217,0.4930875576036866,0.0194814322461824,0.0007956715467854,0.0395157278141573
R1_low_expansion_low_friction,a050_mu010_g002,R1,14,cold,21646,0.02,433,0.4919168591224018,0.0348074318714677,0.0009548058561425,0.0707177300808563
R1_low_expansion_low_friction,a050_mu010_g002,R1,14,cold,21646,0.05,1083,0.4939981532779317,0.0745654120045744,0.0019096117122851,0.1509138818233295
R1_low_expansion_low_friction,a050_mu010_g002,R1,14,cold,21646,0.1,2165,0.497459584295612,0.130180151313399,0.0052514322087842,0.2619372419106142
R1_low_expansion_low_friction,a050_mu010_g002,R1,14,cold,21646,0.2,4330,0.5069284064665127,0.2216201480224683,0.1538828771483131,0.4395008935280198
R1_low_expansion_low_friction,a050_mu010_g002,R1,14,cold,21646,0.4,8659,0.5795126458020556,0.3880256312942823,0.5146403564608529,0.6963792627092956
R1_low_expansion_low_friction,a050_mu010_g002,R1,14,cold,21646,0.8,17317,0.6886874169890859,0.6008248049337038,0.8208147676639084,0.9662449304546492
R1_low_expansion_low_friction,a050_mu010_g002,R1,14,cold,21646,1.0,21646,0.7196710708675967,0.6292086406374711,0.9255251432208784,0.9999999999999932
R1_low_expansion_low_friction,a050_mu010_g002,R1,14,hot,21410,0.01,215,0.4976744186046511,0.0561856435375022,0.0064669394219348,0.1130127841027542
R1_low_expansion_low_friction,a050_mu010_g002,R1,14,hot,21410,0.02,429,0.5011655011655012,0.0921797762350686,0.0092384848884782,0.1842653225258092
R1_low_expansion_low_friction,a050_mu010_g002,R1,14,hot,21410,0.05,1071,0.5275443510737629,0.1674275407462747,0.0509436452421802,0.3227329605326466
R1_low_expansion_low_friction,a050_mu010_g002,R1,14,hot,21410,0.1,2141,0.5497431106959365,0.2484609195713367,0.0984558532400686,0.4643613384366881
R1_low_expansion_low_friction,a050_mu010_g002,R1,14,hot,21410,0.2,4282,0.5663241475945819,0.3494931107006275,0.1816022172363732,0.6380166955575969
R1_low_expansion_low_friction,a050_mu010_g002,R1,14,hot,21410,0.4,8564,0.5909621672115833,0.4681857588721442,0.3419559192292464,0.8313705456191076
R1_low_expansion_low_friction,a050_mu010_g002,R1,14,hot,21410,0.8,17128,0.6383115366651098,0.5726137241195858,0.6819321631252475,0.9863632633242208
R1_low_expansion_low_friction,a050_mu010_g002,R1,14,hot,21410,1.0,21410,0.6662307333021953,0.5826882523677797,0.8385904711627293,0.999999999999998
R1_low_expansion_low_friction,a050_mu010_g002,R1,15,cold,21602,0.01,217,0.4930875576036866,0.0190848544770322,0.0008068420203324,0.0386877590931546
R1_low_expansion_low_friction,a050_mu010_g002,R1,15,cold,21602,0.02,433,0.4942263279445728,0.0346910554852812,0.0009682104243989,0.0701779708964187
R1_low_expansion_low_friction,a050_mu010_g002,R1,15,cold,21602,0.05,1081,0.4958371877890842,0.0751668823533501,0.0027432628691302,0.1516358167789948
R1_low_expansion_low_friction,a050_mu010_g002,R1,15,cold,21602,0.1,2161,0.4979176307265155,0.1309457234908238,0.0075843149911247,0.2632380774696036
R1_low_expansion_low_friction,a050_mu010_g002,R1,15,cold,21602,0.2,4321,0.5105299699143717,0.223932471989507,0.1886396643537195,0.4414881117232233
R1_low_expansion_low_friction,a050_mu010_g002,R1,15,cold,21602,0.4,8641,0.5829186436755005,0.389449876281434,0.5191221558818784,0.6959217783050271
R1_low_expansion_low_friction,a050_mu010_g002,R1,15,cold,21602,0.8,17282,0.6893878023376924,0.6010603194504579,0.8295949653057931,0.9652885790441446
R1_low_expansion_low_friction,a050_mu010_g002,R1,15,cold,21602,1.0,21602,0.7214146838255717,0.6302546506422168,0.9351299015652736,0.9999999999999988
R1_low_expansion_low_friction,a050_mu010_g002,R1,15,hot,21616,0.01,217,0.5069124423963134,0.0615904871841245,0.0087002372791985,0.1221313553867854
R1_low_expansion_low_friction,a050_mu010_g002,R1,15,hot,21616,0.02,433,0.5034642032332564,0.0964775525399941,0.0156867914579488,0.1918634571312485
R1_low_expansion_low_friction,a050_mu010_g002,R1,15,hot,21616,0.05,1081,0.5282146160962072,0.1702497807006245,0.0493013445821249,0.3281090324152075
R1_low_expansion_low_friction,a050_mu010_g002,R1,15,hot,21616,0.1,2162,0.543940795559667,0.2490409831032993,0.0928025309781175,0.4695948943983976
R1_low_expansion_low_friction,a050_mu010_g002,R1,15,hot,21616,0.2,4324,0.5654486586493987,0.35001304385633,0.1819140522014236,0.6424772173259978
R1_low_expansion_low_friction,a050_mu010_g002,R1,15,hot,21616,0.4,8647,0.5893373424309009,0.4668533937541455,0.3441866596361719,0.8332772317193492
R1_low_expansion_low_friction,a050_mu010_g002,R1,15,hot,21616,0.8,17293,0.6376568553750073,0.5706906914662473,0.6845504877405747,0.9866610844066503
R1_low_expansion_low_friction,a050_mu010_g002,R1,15,hot,21616,1.0,21616,0.6705218356772761,0.5809842123885399,0.818481413129449,1.0000000000000024
R1_low_expansion_low_friction,a050_mu010_g002,R1,16,cold,21678,0.01,217,0.4930875576036866,0.0192558735479612,0.0009672738997259,0.0390283845056976
R1_low_expansion_low_friction,a050_mu010_g002,R1,16,cold,21678,0.02,434,0.4953917050691244,0.0349196002791341,0.0011284862163469,0.070519296891548
R1_low_expansion_low_friction,a050_mu010_g002,R1,16,cold,21678,0.05,1084,0.4944649446494465,0.0747111738903498,0.0024181847493148,0.151084026024469
R1_low_expansion_low_friction,a050_mu010_g002,R1,16,cold,21678,0.1,2168,0.4967712177121771,0.1302993552234133,0.0058036433983556,0.2624880811665496
R1_low_expansion_low_friction,a050_mu010_g002,R1,16,cold,21678,0.2,4336,0.5076107011070111,0.2226119816377924,0.1770111236498468,0.4408324635315013
R1_low_expansion_low_friction,a050_mu010_g002,R1,16,cold,21678,0.4,8672,0.5785285977859779,0.3871614152899926,0.5279703369337417,0.6966707621141232
R1_low_expansion_low_friction,a050_mu010_g002,R1,16,cold,21678,0.8,17343,0.6909992504180361,0.600506481473331,0.8352410124133484,0.965482085142018
R1_low_expansion_low_friction,a050_mu010_g002,R1,16,cold,21678,1.0,21678,0.7222529753667313,0.6296994624600653,0.9347090117684992,1.0000000000000029
R1_low_expansion_low_friction,a050_mu010_g002,R1,16,hot,21976,0.01,220,0.4954545454545455,0.0572070385081955,0.0061534433097669,0.115466405151652
R1_low_expansion_low_friction,a050_mu010_g002,R1,16,hot,21976,0.02,440,0.509090909090909,0.0947274717338999,0.0092956271275202,0.1869112452877024
R1_low_expansion_low_friction,a050_mu010_g002,R1,16,hot,21976,0.05,1099,0.5277525022747953,0.170346021455204,0.0450379680544645,0.3267416346292522
R1_low_expansion_low_friction,a050_mu010_g002,R1,16,hot,21976,0.1,2198,0.5414012738853503,0.2490083570289825,0.0979313956533123,0.4683067584354865
R1_low_expansion_low_friction,a050_mu010_g002,R1,16,hot,21976,0.2,4396,0.5648316651501365,0.3521195137875449,0.1870908614820633,0.6437516480896767
R1_low_expansion_low_friction,a050_mu010_g002,R1,16,hot,21976,0.4,8791,0.597201683539984,0.4737978108208857,0.3495679497250589,0.8376897899199305
R1_low_expansion_low_friction,a050_mu010_g002,R1,16,hot,21976,0.8,17581,0.6379614356407486,0.5745025321632454,0.6914113642314742,0.9875718315754832
R1_low_expansion_low_friction,a050_mu010_g002,R1,16,hot,21976,1.0,21976,0.6701856570804514,0.584049848000553,0.8373919874312648,1.0000000000000089
R1_low_expansion_low_friction,a050_mu010_g002,R1,17,cold,21854,0.01,219,0.4794520547945205,0.0189418649534977,0.0006389776357827,0.0393708956183283
R1_low_expansion_low_friction,a050_mu010_g002,R1,17,cold,21854,0.02,438,0.4954337899543379,0.0353169061044785,0.0007987220447284,0.0713540436796573
R1_low_expansion_low_friction,a050_mu010_g002,R1,17,cold,21854,0.05,1093,0.4958828911253431,0.0753968357824568,0.0019169329073482,0.1521690534066738
R1_low_expansion_low_friction,a050_mu010_g002,R1,17,cold,21854,0.1,2186,0.4972552607502287,0.1307816342186125,0.0052715654952076,0.2633059047469882
R1_low_expansion_low_friction,a050_mu010_g002,R1,17,cold,21854,0.2,4371,0.5053763440860215,0.2215355699115326,0.1939297124600639,0.4403457560060885
R1_low_expansion_low_friction,a050_mu010_g002,R1,17,cold,21854,0.4,8742,0.5837336993822924,0.390372352370111,0.5258785942492012,0.6971815433972385
R1_low_expansion_low_friction,a050_mu010_g002,R1,17,cold,21854,0.8,17484,0.6908030199039121,0.603421734996714,0.8276357827476039,0.966597874595484
R1_low_expansion_low_friction,a050_mu010_g002,R1,17,cold,21854,1.0,21854,0.7221561270248009,0.6316204888183788,0.934185303514377,1.0000000000000049
R1_low_expansion_low_friction,a050_mu010_g002,R1,17,hot,22586,0.01,226,0.4911504424778761,0.0596405352845139,0.0050616482803374,0.1209388840877609
R1_low_expansion_low_friction,a050_mu010_g002,R1,17,hot,22586,0.02,452,0.5110619469026548,0.0975673371641536,0.0206359506813757,0.1920542661812054
R1_low_expansion_low_friction,a050_mu010_g002,R1,17,hot,22586,0.05,1130,0.5292035398230088,0.1727238014884331,0.044905905256327,0.330181239628498
R1_low_expansion_low_friction,a050_mu010_g002,R1,17,hot,22586,0.1,2259,0.5515714918105357,0.2533234711283435,0.1030499675535366,0.4709081968647065
R1_low_expansion_low_friction,a050_mu010_g002,R1,17,hot,22586,0.2,4518,0.5759185480301018,0.3562915100044961,0.1939000648929266,0.6431327978293523
R1_low_expansion_low_friction,a050_mu010_g002,R1,17,hot,22586,0.4,9035,0.6022136137244051,0.4765136991627898,0.3566515249837768,0.8347686810367274
R1_low_expansion_low_friction,a050_mu010_g002,R1,17,hot,22586,0.8,18069,0.6448060213625546,0.5791346748533065,0.7079818299805322,0.9863199618068242
R1_low_expansion_low_friction,a050_mu010_g002,R1,17,hot,22586,1.0,22586,0.6773222350128398,0.589786862541371,0.8456846203763789,0.9999999999999828
R1_low_expansion_low_friction,a050_mu010_g002,R1,18,cold,21777,0.01,218,0.4908256880733945,0.0193762067480216,0.0009657170449058,0.0394872811867301
R1_low_expansion_low_friction,a050_mu010_g002,R1,18,cold,21777,0.02,436,0.4931192660550458,0.0354181018761242,0.0012876227265411,0.0718241105770916
R1_low_expansion_low_friction,a050_mu010_g002,R1,18,cold,21777,0.05,1089,0.4940312213039485,0.0754201329608722,0.0024142926122646,0.1526433112147861
R1_low_expansion_low_friction,a050_mu010_g002,R1,18,cold,21777,0.1,2178,0.4954086317722681,0.1306622607265761,0.004023821020441,0.2637841884078988
R1_low_expansion_low_friction,a050_mu010_g002,R1,18,cold,21777,0.2,4356,0.5082644628099173,0.2232664299485653,0.1403508771929824,0.4417680394566452
R1_low_expansion_low_friction,a050_mu010_g002,R1,18,cold,21777,0.4,8711,0.5813339455860407,0.3893854861721268,0.5242234025430549,0.6977647529331776
R1_low_expansion_low_friction,a050_mu010_g002,R1,18,cold,21777,0.8,17422,0.6899896682355642,0.6022663832345172,0.8345404796394656,0.9667736471194264
R1_low_expansion_low_friction,a050_mu010_g002,R1,18,cold,21777,1.0,21777,0.7220921155347385,0.6302070204546347,0.9430226943505552,1.000000000000011
R1_low_expansion_low_friction,a050_mu010_g002,R1,18,hot,22720,0.01,228,0.4956140350877193,0.0603610162300462,0.0044012944983818,0.1217045592001388
R1_low_expansion_low_friction,a050_mu010_g002,R1,18,hot,22720,0.02,455,0.5164835164835165,0.0985698430264102,0.0108737864077669,0.1928708535559231
R1_low_expansion_low_friction,a050_mu010_g002,R1,18,hot,22720,0.05,1136,0.5387323943661971,0.17304967745316,0.0506148867313915,0.3278852896023805
R1_low_expansion_low_friction,a050_mu010_g002,R1,18,hot,22720,0.1,2272,0.5532570422535211,0.2508333134191846,0.1031715210355987,0.4649297652253595
R1_low_expansion_low_friction,a050_mu010_g002,R1,18,hot,22720,0.2,4544,0.5779049295774648,0.3536575729742611,0.1922330097087378,0.6354907473472178
R1_low_expansion_low_friction,a050_mu010_g002,R1,18,hot,22720,0.4,9088,0.6059639084507042,0.4756052275391622,0.3554692556634304,0.829224326677332
R1_low_expansion_low_friction,a050_mu010_g002,R1,18,hot,22720,0.8,18176,0.6507482394366197,0.5835682606285842,0.6849190938511327,0.9859654385578014
R1_low_expansion_low_friction,a050_mu010_g002,R1,18,hot,22720,1.0,22720,0.6798415492957747,0.5942594513599369,0.8327508090614887,1.0000000000000002
R1_low_expansion_low_friction,a050_mu010_g002,R1,19,cold,21897,0.01,219,0.4977168949771689,0.0194999979205161,0.0009549578226961,0.0392105281052017
R1_low_expansion_low_friction,a050_mu010_g002,R1,19,cold,21897,0.02,438,0.4931506849315068,0.0349980884036155,0.0011141174598121,0.0709396984772768
R1_low_expansion_low_friction,a050_mu010_g002,R1,19,cold,21897,0.05,1095,0.4922374429223744,0.0746778459408939,0.0027057138309724,0.151567515104842
R1_low_expansion_low_friction,a050_mu010_g002,R1,19,cold,21897,0.1,2190,0.4963470319634703,0.1301024227551027,0.0097087378640776,0.2622199172077393
R1_low_expansion_low_friction,a050_mu010_g002,R1,19,cold,21897,0.2,4380,0.5107305936073059,0.2229368935109088,0.2073850071621836,0.4394363593585012
R1_low_expansion_low_friction,a050_mu010_g002,R1,19,cold,21897,0.4,8759,0.5805457243977623,0.3878448422433518,0.529046633773675,0.6949221572506602
R1_low_expansion_low_friction,a050_mu010_g002,R1,19,cold,21897,0.8,17518,0.6924306427674392,0.6031516818305408,0.8277892726404584,0.9663299234432878
R1_low_expansion_low_friction,a050_mu010_g002,R1,19,cold,21897,1.0,21897,0.7214686943416907,0.6312952802423286,0.9364953047907052,1.0000000000000029
R1_low_expansion_low_friction,a050_mu010_g002,R1,19,hot,22253,0.01,223,0.4977578475336323,0.0652875383770212,0.0073202614379084,0.1311593204471554
R1_low_expansion_low_friction,a050_mu010_g002,R1,19,hot,22253,0.02,446,0.5134529147982063,0.1057413102151345,0.0220915032679738,0.2074685935732446
R1_low_expansion_low_friction,a050_mu010_g002,R1,19,hot,22253,0.05,1113,0.5426774483378257,0.1831174777931648,0.0490196078431372,0.3452949235190358
R1_low_expansion_low_friction,a050_mu010_g002,R1,19,hot,22253,0.1,2226,0.5588499550763701,0.2607402237934344,0.1041830065359477,0.4808871455791342
R1_low_expansion_low_friction,a050_mu010_g002,R1,19,hot,22253,0.2,4451,0.57605032576949,0.3598477761116109,0.1909803921568627,0.648009405685363
R1_low_expansion_low_friction,a050_mu010_g002,R1,19,hot,22253,0.4,8902,0.5989665243765446,0.4758586004060565,0.3430065359477124,0.8353084089929768
R1_low_expansion_low_friction,a050_mu010_g002,R1,19,hot,22253,0.8,17803,0.6430376902769196,0.5781204782030224,0.7066666666666667,0.9863816878897044
R1_low_expansion_low_friction,a050_mu010_g002,R1,19,hot,22253,1.0,22253,0.6756841774142812,0.5887972606407856,0.8422222222222222,1.0000000000000049
R1_low_expansion_low_friction,a050_mu010_g002,R1,20,cold,22024,0.01,221,0.4932126696832579,0.0189593393856392,0.0011153601019757,0.0384422805296051
R1_low_expansion_low_friction,a050_mu010_g002,R1,20,cold,22024,0.02,441,0.4943310657596372,0.0343939651033185,0.0011153601019757,0.0695777660389696
R1_low_expansion_low_friction,a050_mu010_g002,R1,20,cold,22024,0.05,1102,0.4945553539019964,0.0740174699444868,0.0031867431485022,0.1496785040177828
R1_low_expansion_low_friction,a050_mu010_g002,R1,20,cold,22024,0.1,2203,0.498411257376305,0.1300543839173674,0.0065328234544295,0.2612850934122994
R1_low_expansion_low_friction,a050_mu010_g002,R1,20,cold,22024,0.2,4405,0.5096481271282634,0.2231822834686812,0.0777565328234544,0.4406795598066387
R1_low_expansion_low_friction,a050_mu010_g002,R1,20,cold,22024,0.4,8810,0.5850170261066969,0.3909306816660423,0.5269279796048438,0.6968836814528087
R1_low_expansion_low_friction,a050_mu010_g002,R1,20,cold,22024,0.8,17620,0.6931895573212259,0.6038927304525398,0.8295092415551306,0.9655624672941396
R1_low_expansion_low_friction,a050_mu010_g002,R1,20,cold,22024,1.0,22024,0.7230748274609516,0.6329070320894471,0.9389738687061824,1.000000000000007
R1_low_expansion_low_friction,a050_mu010_g002,R1,20,hot,22572,0.01,226,0.504424778761062,0.0683998304309052,0.0072388831437435,0.1358484080792708
R1_low_expansion_low_friction,a050_mu010_g002,R1,20,hot,22572,0.02,452,0.5287610619469026,0.1081976425219818,0.0202947259565667,0.2080705736901149
R1_low_expansion_low_friction,a050_mu010_g002,R1,20,hot,22572,0.05,1129,0.54207263064659,0.1813299453615773,0.045889348500517,0.3408410271790745
R1_low_expansion_low_friction,a050_mu010_g002,R1,20,hot,22572,0.1,2258,0.5504871567759079,0.2586286517346611,0.1062564632885212,0.4795201623396934
R1_low_expansion_low_friction,a050_mu010_g002,R1,20,hot,22572,0.2,4515,0.5780730897009967,0.3616667862757362,0.1928645294725956,0.6497270882434889
R1_low_expansion_low_friction,a050_mu010_g002,R1,20,hot,22572,0.4,9029,0.6011739949053051,0.4787468089711441,0.3490175801447777,0.8378305168499441
R1_low_expansion_low_friction,a050_mu010_g002,R1,20,hot,22572,0.8,18058,0.6428729648909071,0.5792541859432176,0.7223371251292657,0.9868386728175024
R1_low_expansion_low_friction,a050_mu010_g002,R1,20,hot,22572,1.0,22572,0.6758816232500443,0.589417441186051,0.8541882109617374,1.0000000000000069
R1_low_expansion_low_friction,a050_mu010_g002,R1,21,cold,21749,0.01,218,0.4954128440366973,0.0198759680102105,0.0007968127490039,0.040119867971657
R1_low_expansion_low_friction,a050_mu010_g002,R1,21,cold,21749,0.02,435,0.4919540229885057,0.035395893400762,0.0015936254980079,0.0718643468862635
R1_low_expansion_low_friction,a050_mu010_g002,R1,21,cold,21749,0.05,1088,0.4926470588235294,0.0751566334162577,0.0038247011952191,0.1523987846286844
R1_low_expansion_low_friction,a050_mu010_g002,R1,21,cold,21749,0.1,2175,0.495632183908046,0.1307349684279016,0.0081274900398406,0.2637798018246652
R1_low_expansion_low_friction,a050_mu010_g002,R1,21,cold,21749,0.2,4350,0.5052873563218391,0.2220114133289608,0.130199203187251,0.4412591084322431
R1_low_expansion_low_friction,a050_mu010_g002,R1,21,cold,21749,0.4,8700,0.580919540229885,0.3882760790785999,0.5220717131474104,0.6964149453348631
R1_low_expansion_low_friction,a050_mu010_g002,R1,21,cold,21749,0.8,17400,0.6910344827586207,0.6018138543809832,0.8181673306772909,0.9661009418199829
R1_low_expansion_low_friction,a050_mu010_g002,R1,21,cold,21749,1.0,21749,0.7196652719665272,0.6299649835157286,0.9384860557768924,1.0000000000000069
R1_low_expansion_low_friction,a050_mu010_g002,R1,21,hot,21907,0.01,220,0.5045454545454545,0.0698258725058727,0.006780545051506,0.1387894453913448
R1_low_expansion_low_friction,a050_mu010_g002,R1,21,hot,21907,0.02,439,0.5170842824601367,0.1098344866241069,0.0142130655887338,0.2145630475688618
R1_low_expansion_low_friction,a050_mu010_g002,R1,21,hot,21907,0.05,1096,0.5501824817518248,0.1898299499757307,0.0470726300691094,0.3536063798991316
R1_low_expansion_low_friction,a050_mu010_g002,R1,21,hot,21907,0.1,2191,0.5563669557279781,0.2667091957530393,0.0971443473725388,0.4901829935966156
R1_low_expansion_low_friction,a050_mu010_g002,R1,21,hot,21907,0.2,4382,0.57074395253309,0.3635732774197834,0.1830747163906637,0.6554888707586057
R1_low_expansion_low_friction,a050_mu010_g002,R1,21,hot,21907,0.4,8763,0.5968275704667352,0.4781773966537554,0.3400704133524579,0.8401511048732692
R1_low_expansion_low_friction,a050_mu010_g002,R1,21,hot,21907,0.8,17526,0.6385940887823804,0.5770839516196511,0.6953970530708046,0.9873336558215132
R1_low_expansion_low_friction,a050_mu010_g002,R1,21,hot,21907,1.0,21907,0.6704706258273612,0.5867663376757942,0.8354413874038337,1.0000000000000095
R1_low_expansion_low_friction,a050_mu010_g002,R1,22,cold,21642,0.01,217,0.488479262672811,0.0191281384473487,0.000802954873936,0.0390906511376356
R1_low_expansion_low_friction,a050_mu010_g002,R1,22,cold,21642,0.02,433,0.4965357967667436,0.0351529638443389,0.0011241368235105,0.0708372599190912
R1_low_expansion_low_friction,a050_mu010_g002,R1,22,cold,21642,0.05,1083,0.4976915974145891,0.0762683617581105,0.0054600931427653,0.1533782744705296
R1_low_expansion_low_friction,a050_mu010_g002,R1,22,cold,21642,0.1,2165,0.4993071593533487,0.1323255504844762,0.0109201862855307,0.2653663375123689
R1_low_expansion_low_friction,a050_mu010_g002,R1,22,cold,21642,0.2,4329,0.5091245091245091,0.2244415958393751,0.2018628553075317,0.4432809119309945
R1_low_expansion_low_friction,a050_mu010_g002,R1,22,cold,21642,0.4,8657,0.5834584729120943,0.3920202284195524,0.5190300305122852,0.7001695290499464
R1_low_expansion_low_friction,a050_mu010_g002,R1,22,cold,21642,0.8,17314,0.6911170151322629,0.6019720814310122,0.8318612493977838,0.9664079637326556
R1_low_expansion_low_friction,a050_mu010_g002,R1,22,cold,21642,1.0,21642,0.7208668330098882,0.6299959169969548,0.9365665649590492,1.0000000000000089
R1_low_expansion_low_friction,a050_mu010_g002,R1,22,hot,22348,0.01,224,0.5,0.0618737600986804,0.0046710782405605,0.1238526915898099
R1_low_expansion_low_friction,a050_mu010_g002,R1,22,hot,22348,0.02,447,0.5033557046979866,0.0974675271497989,0.0212793564292201,0.1940020211166144
R1_low_expansion_low_friction,a050_mu010_g002,R1,22,hot,22348,0.05,1118,0.535778175313059,0.174980361077826,0.0543661606331906,0.3329721330243084
R1_low_expansion_low_friction,a050_mu010_g002,R1,22,hot,22348,0.1,2235,0.5574944071588367,0.2589924310743501,0.0988711560918645,0.4776759817131951
R1_low_expansion_low_friction,a050_mu010_g002,R1,22,hot,22348,0.2,4470,0.574496644295302,0.3609116236574893,0.1872323861424679,0.6503307656510523
R1_low_expansion_low_friction,a050_mu010_g002,R1,22,hot,22348,0.4,8940,0.6013422818791946,0.4785356484705358,0.3518878941222265,0.838737624590007
R1_low_expansion_low_friction,a050_mu010_g002,R1,22,hot,22348,0.8,17879,0.6427652553274792,0.5791400895106226,0.6962501621902167,0.9870659113752216
R1_low_expansion_low_friction,a050_mu010_g002,R1,22,hot,22348,1.0,22348,0.6734383390012529,0.5890116692631406,0.8383287920072662,1.0000000000000018
R1_low_expansion_low_friction,a050_mu010_g002,R1,23,cold,21936,0.01,220,0.4909090909090909,0.0199143274020657,0.0011166055192215,0.0405261451649263
R1_low_expansion_low_friction,a050_mu010_g002,R1,23,cold,21936,0.02,439,0.4943052391799544,0.0358195834268764,0.001276120593396,0.0724450204087386
R1_low_expansion_low_friction,a050_mu010_g002,R1,23,cold,21936,0.05,1097,0.4986326344576117,0.0766767168560677,0.0020736959642686,0.1539456029504834
R1_low_expansion_low_friction,a050_mu010_g002,R1,23,cold,21936,0.1,2194,0.4963536918869644,0.131828644553733,0.0057425426702823,0.2656197777323729
R1_low_expansion_low_friction,a050_mu010_g002,R1,23,cold,21936,0.2,4388,0.5095715587967183,0.2237870025637356,0.2076886265752113,0.441967733391583
R1_low_expansion_low_friction,a050_mu010_g002,R1,23,cold,21936,0.4,8775,0.5801709401709402,0.387238674352988,0.5265592598500558,0.695181494912525
R1_low_expansion_low_friction,a050_mu010_g002,R1,23,cold,21936,0.8,17549,0.6924611088950937,0.6021153324093649,0.8305949912266709,0.965230447552876
R1_low_expansion_low_friction,a050_mu010_g002,R1,23,cold,21936,1.0,21936,0.7225565280816922,0.6313888496024449,0.9368320306268942,1.0
R1_low_expansion_low_friction,a050_mu010_g002,R1,23,hot,21386,0.01,214,0.5,0.0657231704517952,0.0090018533227429,0.131465557484962
R1_low_expansion_low_friction,a050_mu010_g002,R1,23,hot,21386,0.02,428,0.5046728971962616,0.1019917685787241,0.0185332274291765,0.2025061700748418
R1_low_expansion_low_friction,a050_mu010_g002,R1,23,hot,21386,0.05,1070,0.5308411214953271,0.1775216634199279,0.0553349218956844,0.3401810492131867
R1_low_expansion_low_friction,a050_mu010_g002,R1,23,hot,21386,0.1,2139,0.5483870967741935,0.2574486679324397,0.0976965845909452,0.480902737325974
R1_low_expansion_low_friction,a050_mu010_g002,R1,23,hot,21386,0.2,4278,0.569658719027583,0.3583864013244145,0.1848027535080751,0.652045714380093
R1_low_expansion_low_friction,a050_mu010_g002,R1,23,hot,21386,0.4,8555,0.5945061367621274,0.4725713325450353,0.3402171035213132,0.8368388141100589
R1_low_expansion_low_friction,a050_mu010_g002,R1,23,hot,21386,0.8,17109,0.6358057162896721,0.5724849208151811,0.6844056129203071,0.9865581646888488
R1_low_expansion_low_friction,a050_mu010_g002,R1,23,hot,21386,1.0,21386,0.6681006265781352,0.5828251755640363,0.8239343394228223,1.000000000000001
R1_low_expansion_low_friction,a050_mu010_g002,R1,24,cold,21907,0.01,220,0.5,0.0196146316650248,0.0009499683343888,0.0393107211213896
R1_low_expansion_low_friction,a050_mu010_g002,R1,24,cold,21907,0.02,439,0.4943052391799544,0.034883011567309,0.0015832805573147,0.0705892125643085
R1_low_expansion_low_friction,a050_mu010_g002,R1,24,cold,21907,0.05,1096,0.4945255474452554,0.0745327002132068,0.0031665611146295,0.1507130794706259
R1_low_expansion_low_friction,a050_mu010_g002,R1,24,cold,21907,0.1,2191,0.4988589685075308,0.1306927400484248,0.0088663711209626,0.2623707551708469
R1_low_expansion_low_friction,a050_mu010_g002,R1,24,cold,21907,0.2,4382,0.507074395253309,0.221417143726354,0.17811906269791,0.4388482016173043
R1_low_expansion_low_friction,a050_mu010_g002,R1,24,cold,21907,0.4,8763,0.5786830993951843,0.3861513640115859,0.5280240658644711,0.6942278546470744
R1_low_expansion_low_friction,a050_mu010_g002,R1,24,cold,21907,0.8,17526,0.6917151660390277,0.6029901549683516,0.8239392020265991,0.966879142015478
R1_low_expansion_low_friction,a050_mu010_g002,R1,24,cold,21907,1.0,21907,0.7205002967088145,0.6306763788729959,0.9349271690943636,0.9999999999999928
R1_low_expansion_low_friction,a050_mu010_g002,R1,24,hot,22509,0.01,226,0.5,0.0572314610940115,0.0038915553249448,0.1146532751662274
R1_low_expansion_low_friction,a050_mu010_g002,R1,24,hot,22509,0.02,451,0.5099778270509978,0.0926970009500177,0.0225710208846802,0.1828613193639841
R1_low_expansion_low_friction,a050_mu010_g002,R1,24,hot,22509,0.05,1126,0.5346358792184724,0.1672001051954739,0.0543520560383966,0.3180024203034481
R1_low_expansion_low_friction,a050_mu010_g002,R1,24,hot,22509,0.1,2251,0.5499777876499333,0.2475236995034634,0.0996238163185886,0.4601506669025355
R1_low_expansion_low_friction,a050_mu010_g002,R1,24,hot,22509,0.2,4502,0.5708573967125722,0.350561222110239,0.1927617070956025,0.6348695898972408
R1_low_expansion_low_friction,a050_mu010_g002,R1,24,hot,22509,0.4,9004,0.6096179475788538,0.4783539652007489,0.3411596834868335,0.8325506000100629
R1_low_expansion_low_friction,a050_mu010_g002,R1,24,hot,22509,0.8,18008,0.6415482007996446,0.5804921800523308,0.700869114022571,0.986766205967561
R1_low_expansion_low_friction,a050_mu010_g002,R1,24,hot,22509,1.0,22509,0.6753742947265539,0.5908245770393309,0.8451160980671942,1.000000000000003
R1_low_expansion_low_friction,a050_mu010_g002,R1,25,cold,22191,0.01,222,0.5045045045045045,0.0195124929458471,0.0007870297497245,0.0387928833817928
R1_low_expansion_low_friction,a050_mu010_g002,R1,25,cold,22191,0.02,444,0.4977477477477477,0.0350973267529158,0.0009444356996694,0.0705636205599652
R1_low_expansion_low_friction,a050_mu010_g002,R1,25,cold,22191,0.05,1110,0.4981981981981982,0.0756796352763455,0.0023610892491736,0.1520379937708704
R1_low_expansion_low_friction,a050_mu010_g002,R1,25,cold,22191,0.1,2220,0.4932432432432432,0.1300761968569543,0.0088147331969148,0.2633662466174318
R1_low_expansion_low_friction,a050_mu010_g002,R1,25,cold,22191,0.2,4439,0.5057445370578959,0.2221908462343158,0.1227766409570281,0.4412638292604746
R1_low_expansion_low_friction,a050_mu010_g002,R1,25,cold,22191,0.4,8877,0.5836431226765799,0.3899092179000845,0.5252636549661577,0.697066924968585
R1_low_expansion_low_friction,a050_mu010_g002,R1,25,cold,22191,0.8,17753,0.6923336900805498,0.6029241389842244,0.8288997324098851,0.9663460815999982
R1_low_expansion_low_friction,a050_mu010_g002,R1,25,cold,22191,1.0,22191,0.7224550493443288,0.6311961084717898,0.933259877223359,1.0000000000000024
R1_low_expansion_low_friction,a050_mu010_g002,R1,25,hot,22088,0.01,221,0.497737556561086,0.0612089892894029,0.003273108143493,0.1230035642976806
R1_low_expansion_low_friction,a050_mu010_g002,R1,25,hot,22088,0.02,442,0.5,0.0975612959778903,0.0217334380727939,0.1953228740145427
R1_low_expansion_low_friction,a050_mu010_g002,R1,25,hot,22088,0.05,1105,0.539366515837104,0.1764516316805966,0.0544645195077245,0.3344617626030982
R1_low_expansion_low_friction,a050_mu010_g002,R1,25,hot,22088,0.1,2209,0.5599818922589407,0.2570602797829476,0.0998952605394082,0.4733647334716681
R1_low_expansion_low_friction,a050_mu010_g002,R1,25,hot,22088,0.2,4418,0.5717519239474875,0.3543648136405739,0.1894474993453783,0.6405945920959049
R1_low_expansion_low_friction,a050_mu010_g002,R1,25,hot,22088,0.4,8836,0.599479402444545,0.4731030352495812,0.34433097669547,0.8310887512805318
R1_low_expansion_low_friction,a050_mu010_g002,R1,25,hot,22088,0.8,17671,0.6402580499122856,0.5772287417535742,0.7114427860696517,0.9862918080145774
R1_low_expansion_low_friction,a050_mu010_g002,R1,25,hot,22088,1.0,22088,0.6732162260050706,0.5878537052432751,0.856114166012045,1.0000000000000002
R1_low_expansion_low_friction,a050_mu010_g002,R1,26,cold,21902,0.01,220,0.4954545454545455,0.0196781651664748,0.0014416146083613,0.0397190000274485
R1_low_expansion_low_friction,a050_mu010_g002,R1,26,cold,21902,0.02,439,0.4943052391799544,0.0349860917925502,0.0016017940092904,0.0707585916874319
R1_low_expansion_low_friction,a050_mu010_g002,R1,26,cold,21902,0.05,1096,0.4945255474452554,0.0744240610378382,0.0027230498157936,0.1504857080024916
R1_low_expansion_low_friction,a050_mu010_g002,R1,26,cold,21902,0.1,2191,0.4965769055225924,0.1299642412021807,0.0142559666826846,0.2619161555089987
R1_low_expansion_low_friction,a050_mu010_g002,R1,26,cold,21902,0.2,4381,0.5094727231225747,0.2229226287435487,0.1177318596828447,0.4402096505540096
R1_low_expansion_low_friction,a050_mu010_g002,R1,26,cold,21902,0.4,8761,0.582125328158886,0.3885187556918584,0.5285920230658337,0.6952891010666012
R1_low_expansion_low_friction,a050_mu010_g002,R1,26,cold,21902,0.8,17522,0.6932998516151124,0.6023697267004369,0.8311709114207912,0.9650434358016934
R1_low_expansion_low_friction,a050_mu010_g002,R1,26,cold,21902,1.0,21902,0.722856360149758,0.631735649411842,0.9415345186609002,1.0000000000000018
R1_low_expansion_low_friction,a050_mu010_g002,R1,26,hot,22358,0.01,224,0.4955357142857143,0.0618289005226874,0.0033823338103291,0.1245987565398292
R1_low_expansion_low_friction,a050_mu010_g002,R1,26,hot,22358,0.02,448,0.5022321428571429,0.098645174027538,0.0145700533368023,0.1970091976815677
R1_low_expansion_low_friction,a050_mu010_g002,R1,26,hot,22358,0.05,1118,0.5384615384615384,0.1759369225929287,0.0539872512033303,0.3350552133198478
R1_low_expansion_low_friction,a050_mu010_g002,R1,26,hot,22358,0.1,2236,0.5559033989266547,0.2552277478193754,0.1035514505008455,0.4730243408322711
R1_low_expansion_low_friction,a050_mu010_g002,R1,26,hot,22358,0.2,4472,0.5724508050089445,0.3545784439868996,0.1881097957590737,0.6416108830871031
R1_low_expansion_low_friction,a050_mu010_g002,R1,26,hot,22358,0.4,8944,0.5980545617173524,0.4732335700712393,0.3470794848445427,0.8323083237132876
R1_low_expansion_low_friction,a050_mu010_g002,R1,26,hot,22358,0.8,17887,0.6440990663610443,0.5773280373156641,0.7079484844542735,0.98603283475356
R1_low_expansion_low_friction,a050_mu010_g002,R1,26,hot,22358,1.0,22358,0.6750603810716522,0.5880807192199538,0.8433719266293742,0.9999999999999972
R1_low_expansion_low_friction,a050_mu010_g002,R1,27,cold,22000,0.01,220,0.5,0.0193437297807775,0.0007945336087716,0.0387480024891332
R1_low_expansion_low_friction,a050_mu010_g002,R1,27,cold,22000,0.02,440,0.4886363636363636,0.0343842873655463,0.0012712537740346,0.0702542309392282
R1_low_expansion_low_friction,a050_mu010_g002,R1,27,cold,22000,0.05,1100,0.4954545454545455,0.0753704185711699,0.0033370411568409,0.1521691849869159
R1_low_expansion_low_friction,a050_mu010_g002,R1,27,cold,22000,0.1,2200,0.4981818181818181,0.1318400283375194,0.0071508024789448,0.2649670529013395
R1_low_expansion_low_friction,a050_mu010_g002,R1,27,cold,22000,0.2,4400,0.51,0.2250528825589749,0.2118226600985221,0.444283636353203
R1_low_expansion_low_friction,a050_mu010_g002,R1,27,cold,22000,0.4,8800,0.5842045454545455,0.3916732240807503,0.5218496742412204,0.6992935479953902
R1_low_expansion_low_friction,a050_mu010_g002,R1,27,cold,22000,0.8,17600,0.6916477272727273,0.6020294204960175,0.8342602892102335,0.9659962421857052
R1_low_expansion_low_friction,a050_mu010_g002,R1,27,cold,22000,1.0,22000,0.7215,0.6305116343960709,0.9437470204989672,0.9999999999999952
R1_low_expansion_low_friction,a050_mu010_g002,R1,27,hot,22435,0.01,225,0.4977777777777777,0.0617189576015846,0.0030144167758846,0.1240182907778176
R1_low_expansion_low_friction,a050_mu010_g002,R1,27,hot,22435,0.02,449,0.4988864142538975,0.0983931346360181,0.0134993446920052,0.1971791910711778
R1_low_expansion_low_friction,a050_mu010_g002,R1,27,hot,22435,0.05,1122,0.5401069518716578,0.1778815276515309,0.055045871559633,0.3377796283978274
R1_low_expansion_low_friction,a050_mu010_g002,R1,27,hot,22435,0.1,2244,0.5610516934046346,0.2599981555260826,0.101572739187418,0.478704501663081
R1_low_expansion_low_friction,a050_mu010_g002,R1,27,hot,22435,0.2,4487,0.5805660797860486,0.3620403274647356,0.1964613368283093,0.6493722690034548
R1_low_expansion_low_friction,a050_mu010_g002,R1,27,hot,22435,0.4,8974,0.6079786048584801,0.4810984434598245,0.355045871559633,0.8374158962667141
R1_low_expansion_low_friction,a050_mu010_g002,R1,27,hot,22435,0.8,17948,0.6477601961221306,0.5822647242843798,0.7,0.9866592704031116
R1_low_expansion_low_friction,a050_mu010_g002,R1,27,hot,22435,1.0,22435,0.6781814129708046,0.5926303126229142,0.8516382699868938,1.0000000000000082
R1_low_expansion_low_friction,a050_mu010_g002,R1,28,cold,21539,0.01,216,0.4953703703703703,0.0193298320308191,0.0009685230024213,0.0390317824356466
R1_low_expansion_low_friction,a050_mu010_g002,R1,28,cold,21539,0.02,431,0.4965197215777262,0.03521145369251,0.0009685230024213,0.0709762069814147
R1_low_expansion_low_friction,a050_mu010_g002,R1,28,cold,21539,0.05,1077,0.4948932219127205,0.074772062398399,0.0030669895076674,0.1510949198765453
R1_low_expansion_low_friction,a050_mu010_g002,R1,28,cold,21539,0.1,2154,0.4953574744661095,0.1298073181916403,0.0132364810330912,0.2620807258636637
R1_low_expansion_low_friction,a050_mu010_g002,R1,28,cold,21539,0.2,4308,0.5076601671309192,0.2223484896291817,0.2103309120258273,0.4404427617453263
R1_low_expansion_low_friction,a050_mu010_g002,R1,28,cold,21539,0.4,8616,0.5812441968430826,0.389556513173579,0.5205811138014528,0.6974958162103186
R1_low_expansion_low_friction,a050_mu010_g002,R1,28,cold,21539,0.8,17232,0.689705199628598,0.6017185301077933,0.8290556900726392,0.9661607988651956
R1_low_expansion_low_friction,a050_mu010_g002,R1,28,cold,21539,1.0,21539,0.7210176888434932,0.6301899261841744,0.933817594834544,0.9999999999999956
R1_low_expansion_low_friction,a050_mu010_g002,R1,28,hot,22220,0.01,223,0.4932735426008968,0.0553258325377465,0.002215849843587,0.1119887013635098
R1_low_expansion_low_friction,a050_mu010_g002,R1,28,hot,22220,0.02,445,0.498876404494382,0.0919422794158449,0.0102971845672575,0.1844247625496621
R1_low_expansion_low_friction,a050_mu010_g002,R1,28,hot,22220,0.05,1111,0.5373537353735374,0.1702738470804845,0.0534410844629822,0.3237465257912322
R1_low_expansion_low_friction,a050_mu010_g002,R1,28,hot,22220,0.1,2222,0.5553555355535553,0.249549005558333,0.1037539103232533,0.4624177033494102
R1_low_expansion_low_friction,a050_mu010_g002,R1,28,hot,22220,0.2,4444,0.5762826282628263,0.3513792963616877,0.1811783107403545,0.6330020913504174
R1_low_expansion_low_friction,a050_mu010_g002,R1,28,hot,22220,0.4,8888,0.5978847884788479,0.471764898458354,0.3519290928050052,0.827769655741668
R1_low_expansion_low_friction,a050_mu010_g002,R1,28,hot,22220,0.8,17776,0.6440706570657065,0.5797174888129839,0.6848279457768509,0.9860855272565456
R1_low_expansion_low_friction,a050_mu010_g002,R1,28,hot,22220,1.0,22220,0.6743924392439244,0.590316119495819,0.8263816475495308,0.9999999999999932
R1_low_expansion_low_friction,a050_mu010_g002,R1,29,cold,21649,0.01,217,0.4930875576036866,0.0185578426595511,0.0006444337038827,0.0376312575378427
R1_low_expansion_low_friction,a050_mu010_g002,R1,29,cold,21649,0.02,433,0.4942263279445728,0.033850827501757,0.0012888674077654,0.0685027095860888
R1_low_expansion_low_friction,a050_mu010_g002,R1,29,cold,21649,0.05,1083,0.4958448753462603,0.0737280589493031,0.0020944095376188,0.1487751862255216
R1_low_expansion_low_friction,a050_mu010_g002,R1,29,cold,21649,0.1,2165,0.4979214780600461,0.1290166480828354,0.005961011760915,0.2594174984139951
R1_low_expansion_low_friction,a050_mu010_g002,R1,29,cold,21649,0.2,4330,0.5064665127020785,0.2196451499708777,0.0897373932656677,0.4356036109463077
R1_low_expansion_low_friction,a050_mu010_g002,R1,29,cold,21649,0.4,8660,0.578175519630485,0.3846176838516172,0.5255356855163525,0.6916263440610176
R1_low_expansion_low_friction,a050_mu010_g002,R1,29,cold,21649,0.8,17320,0.6894919168591224,0.6017801521271751,0.8309972611567585,0.9655169231306752
R1_low_expansion_low_friction,a050_mu010_g002,R1,29,cold,21649,1.0,21649,0.7209570880872096,0.6308484984637579,0.939906557112937,1.0000000000000009
R1_low_expansion_low_friction,a050_mu010_g002,R1,29,hot,21934,0.01,220,0.4954545454545455,0.0592892938482317,0.0026301946344029,0.1196418710133579
R1_low_expansion_low_friction,a050_mu010_g002,R1,29,hot,21934,0.02,439,0.5011389521640092,0.0967947503505601,0.0165702261967385,0.19370919002061
R1_low_expansion_low_friction,a050_mu010_g002,R1,29,hot,21934,0.05,1097,0.5323609845031905,0.1735889594819093,0.0545765386638611,0.3326188476439884
R1_low_expansion_low_friction,a050_mu010_g002,R1,29,hot,21934,0.1,2194,0.5560619872379216,0.2546196054051892,0.0987638085218306,0.4724157835447843
R1_low_expansion_low_friction,a050_mu010_g002,R1,29,hot,21934,0.2,4387,0.5721449737861865,0.3549561781650626,0.1852972119936875,0.6433316421211942
R1_low_expansion_low_friction,a050_mu010_g002,R1,29,hot,21934,0.4,8774,0.6029177114201049,0.4749513906051852,0.347317201472909,0.833580634123224
R1_low_expansion_low_friction,a050_mu010_g002,R1,29,hot,21934,0.8,17548,0.6412126738089811,0.5776721260364817,0.6985796948974224,0.9864410714092896
R1_low_expansion_low_friction,a050_mu010_g002,R1,29,hot,21934,1.0,21934,0.6718336828667821,0.5880145289175811,0.8513940031562336,0.9999999999999976
R1_low_expansion_low_friction,a050_mu010_g002,R1,30,cold,21902,0.01,220,0.4954545454545455,0.0189546614243435,0.0012767315671879,0.0382886349387701
R1_low_expansion_low_friction,a050_mu010_g002,R1,30,cold,21902,0.02,439,0.489749430523918,0.0342891817930478,0.0022342802425789,0.0699340564455671
R1_low_expansion_low_friction,a050_mu010_g002,R1,30,cold,21902,0.05,1096,0.4945255474452554,0.0749739512027987,0.0030322374720714,0.151618020154821
R1_low_expansion_low_friction,a050_mu010_g002,R1,30,cold,21902,0.1,2191,0.4952076677316294,0.130896617475228,0.0105330354293009,0.2642935346143035
R1_low_expansion_low_friction,a050_mu010_g002,R1,30,cold,21902,0.2,4381,0.5115270486190368,0.2251252850122884,0.2066709224385572,0.4432431031410095
R1_low_expansion_low_friction,a050_mu010_g002,R1,30,cold,21902,0.4,8761,0.5852071681314919,0.3920224114107625,0.5288860517076285,0.6987634356448945
R1_low_expansion_low_friction,a050_mu010_g002,R1,30,cold,21902,0.8,17522,0.6927291405090743,0.603413624711381,0.8313118416852857,0.9665398567416152
R1_low_expansion_low_friction,a050_mu010_g002,R1,30,cold,21902,1.0,21902,0.723404255319149,0.6317364431344094,0.9299393552505586,1.0000000000000062
R1_low_expansion_low_friction,a050_mu010_g002,R1,30,hot,22435,0.01,225,0.4977777777777777,0.0602446537139146,0.0076504149377593,0.1210295447460512
R1_low_expansion_low_friction,a050_mu010_g002,R1,30,hot,22435,0.02,449,0.5033407572383074,0.0971103930291854,0.0212655601659751,0.1936140707357818
R1_low_expansion_low_friction,a050_mu010_g002,R1,30,hot,22435,0.05,1122,0.533868092691622,0.1735991634030906,0.0566649377593361,0.3319574221795379
R1_low_expansion_low_friction,a050_mu010_g002,R1,30,hot,22435,0.1,2244,0.5570409982174688,0.2569744647266864,0.1036047717842323,0.4760606436586362
R1_low_expansion_low_friction,a050_mu010_g002,R1,30,hot,22435,0.2,4487,0.5785602852685536,0.3620108875316136,0.1907417012448132,0.6511851616872226
R1_low_expansion_low_friction,a050_mu010_g002,R1,30,hot,22435,0.4,8974,0.605192779139737,0.4815507653211573,0.3455653526970954,0.8401393581267239
R1_low_expansion_low_friction,a050_mu010_g002,R1,30,hot,22435,0.8,17948,0.6441386226877647,0.5804546485543044,0.7029304979253111,0.9872728281937208
R1_low_expansion_low_friction,a050_mu010_g002,R1,30,hot,22435,1.0,22435,0.6752841542233118,0.590256278465154,0.8455653526970954,1.000000000000007
R3_intermediate,a100_mu030_g002,R3,1,cold,18659,0.01,187,0.4919786096256685,0.0210622522902413,0.000981354268891,0.0427787704919556
R3_intermediate,a100_mu030_g002,R3,1,cold,18659,0.02,374,0.4893048128342246,0.0374435735577766,0.0014720314033366,0.0763710277733811
R3_intermediate,a100_mu030_g002,R3,1,cold,18659,0.05,933,0.4973204715969989,0.0797395265025315,0.002780503761858,0.1604688226706924
R3_intermediate,a100_mu030_g002,R3,1,cold,18659,0.1,1866,0.4973204715969989,0.1364408908263192,0.0099771017337258,0.2745628448091701
R3_intermediate,a100_mu030_g002,R3,1,cold,18659,0.2,3732,0.5058949624866024,0.2287126591128466,0.1148184494602551,0.4542566920749306
R3_intermediate,a100_mu030_g002,R3,1,cold,18659,0.4,7464,0.5655144694533762,0.3864704747913144,0.4712136081125286,0.7086736436208448
R3_intermediate,a100_mu030_g002,R3,1,cold,18659,0.8,14928,0.6530010718113612,0.5769578371898865,0.8110893032384691,0.9695652334677554
R3_intermediate,a100_mu030_g002,R3,1,cold,18659,1.0,18659,0.6815477785519053,0.6010644066482509,0.9368662087013412,0.9999999999999976
R3_intermediate,a100_mu030_g002,R3,1,hot,12895,0.01,129,0.4961240310077519,0.049381164814427,0.0004664179104477,0.1001844859940563
R3_intermediate,a100_mu030_g002,R3,1,hot,12895,0.02,258,0.4922480620155038,0.0798148650664338,0.0006218905472636,0.162698063277937
R3_intermediate,a100_mu030_g002,R3,1,hot,12895,0.05,645,0.4930232558139535,0.145227426185448,0.0021766169154228,0.2955313278432119
R3_intermediate,a100_mu030_g002,R3,1,hot,12895,0.1,1290,0.4914728682170542,0.2167294284540014,0.0060634328358208,0.441624689134579
R3_intermediate,a100_mu030_g002,R3,1,hot,12895,0.2,2579,0.4924389298177588,0.3087737843186187,0.0244092039800995,0.6284688483816689
R3_intermediate,a100_mu030_g002,R3,1,hot,12895,0.4,5158,0.5003877471888328,0.4126386491677757,0.1166044776119403,0.8334723385777609
R3_intermediate,a100_mu030_g002,R3,1,hot,12895,0.8,10316,0.5264637456378441,0.4967173965409237,0.5267412935323383,0.9881309106476662
R3_intermediate,a100_mu030_g002,R3,1,hot,12895,1.0,12895,0.5540131834044203,0.5041564614605686,0.662002487562189,1.0000000000000029
R3_intermediate,a100_mu030_g002,R3,2,cold,4139,0.01,42,0.5,0.0282106084051514,0.0012234910277324,0.0568089928280626
R3_intermediate,a100_mu030_g002,R3,2,cold,4139,0.02,83,0.4819277108433735,0.045974912434486,0.0012234910277324,0.0953050696971787
R3_intermediate,a100_mu030_g002,R3,2,cold,4139,0.05,207,0.4879227053140096,0.0924131375886992,0.0016313213703099,0.1896265182026183
R3_intermediate,a100_mu030_g002,R3,2,cold,4139,0.1,414,0.4879227053140096,0.1532549943948756,0.0024469820554649,0.314287753953923
R3_intermediate,a100_mu030_g002,R3,2,cold,4139,0.2,828,0.4903381642512077,0.2474099117514396,0.0036704730831973,0.5054230429436829
R3_intermediate,a100_mu030_g002,R3,2,cold,4139,0.4,1656,0.4927536231884058,0.372129933723622,0.014274061990212,0.7571267436075269
R3_intermediate,a100_mu030_g002,R3,2,cold,4139,0.8,3312,0.5030193236714976,0.4858027535619159,0.3030179445350734,0.9807611487544416
R3_intermediate,a100_mu030_g002,R3,2,cold,4139,1.0,4139,0.5213819763227833,0.4966559913882901,0.4861337683523654,1.000000000000004
R3_intermediate,a100_mu030_g002,R3,2,hot,11171,0.01,112,0.4642857142857143,0.0618126740931994,0.0017205781142463,0.130702761835916
R3_intermediate,a100_mu030_g002,R3,2,hot,11171,0.02,224,0.4910714285714285,0.0992474936080903,0.0020646937370956,0.202733957886942
R3_intermediate,a100_mu030_g002,R3,2,hot,11171,0.05,559,0.4937388193202147,0.1670325927468526,0.0073984858912594,0.3393454695035967
R3_intermediate,a100_mu030_g002,R3,2,hot,11171,0.1,1118,0.5,0.2393067361622323,0.0233998623537508,0.4824554978983982
R3_intermediate,a100_mu030_g002,R3,2,hot,11171,0.2,2235,0.5024608501118568,0.3294955692886989,0.0770818995182381,0.661084535277508
R3_intermediate,a100_mu030_g002,R3,2,hot,11171,0.4,4469,0.5128664130678005,0.4293078681046432,0.1763592567102546,0.8514933288818156
R3_intermediate,a100_mu030_g002,R3,2,hot,11171,0.8,8937,0.5338480474432136,0.5046827659151605,0.4425326909841707,0.9898828002886592
R3_intermediate,a100_mu030_g002,R3,2,hot,11171,1.0,11171,0.5566198191746486,0.5108798695012972,0.5474879559532003,1.000000000000003
R3_intermediate,a100_mu030_g002,R3,3,cold,4112,0.01,42,0.4761904761904761,0.024515397940483,0.0012043356081894,0.0513706664982609
R3_intermediate,a100_mu030_g002,R3,3,cold,4112,0.02,83,0.4819277108433735,0.0438401428593558,0.0020072260136491,0.090873583152125
R3_intermediate,a100_mu030_g002,R3,3,cold,4112,0.05,206,0.4805825242718446,0.0899189261907345,0.0020072260136491,0.186781080135085
R3_intermediate,a100_mu030_g002,R3,3,cold,4112,0.1,412,0.4902912621359223,0.1544631445926124,0.0028101164191087,0.3156307205694604
R3_intermediate,a100_mu030_g002,R3,3,cold,4112,0.2,823,0.4957472660996355,0.252376145259409,0.0064231232436772,0.5116006303096092
R3_intermediate,a100_mu030_g002,R3,3,cold,4112,0.4,1645,0.4936170212765957,0.3747210011037125,0.0216780409474106,0.7613416601501519
R3_intermediate,a100_mu030_g002,R3,3,cold,4112,0.8,3290,0.5048632218844985,0.4875131956579223,0.3014853472501003,0.9811906235085002
R3_intermediate,a100_mu030_g002,R3,3,cold,4112,1.0,4112,0.520671206225681,0.4976998401180221,0.4379767161782417,0.999999999999995
R3_intermediate,a100_mu030_g002,R3,3,hot,24366,0.01,244,0.4918032786885246,0.0453759867578768,0.0028162115832006,0.0921825321613418
R3_intermediate,a100_mu030_g002,R3,3,hot,24366,0.02,488,0.5,0.0767605375268665,0.0051426472388882,0.1539450063491201
R3_intermediate,a100_mu030_g002,R3,3,hot,24366,0.05,1219,0.505332239540607,0.1420495861108537,0.0486102608056814,0.2826123649997547
R3_intermediate,a100_mu030_g002,R3,3,hot,24366,0.1,2437,0.5289290110791958,0.2210965745619334,0.1039549406146687,0.4264675860710719
R3_intermediate,a100_mu030_g002,R3,3,hot,24366,0.2,4874,0.5609355765285187,0.3295921748239315,0.1892983959838373,0.6097827934200727
R3_intermediate,a100_mu030_g002,R3,3,hot,24366,0.4,9747,0.5896173181491741,0.4578196259318996,0.3898616383004775,0.8182778787928778
R3_intermediate,a100_mu030_g002,R3,3,hot,24366,0.8,19493,0.6448468681064997,0.572878124795998,0.762826007101751,0.9849881093600988
R3_intermediate,a100_mu030_g002,R3,3,hot,24366,1.0,24366,0.6761470902076664,0.5845084482164442,0.90400391820742,0.9999999999999946
R3_intermediate,a100_mu030_g002,R3,4,cold,3778,0.01,38,0.5,0.0287095930964005,0.0008312551953449,0.0579239652409417
R3_intermediate,a100_mu030_g002,R3,4,cold,3778,0.02,76,0.4736842105263157,0.0469754317957034,0.0012468827930174,0.0988194879584406
R3_intermediate,a100_mu030_g002,R3,4,cold,3778,0.05,189,0.492063492063492,0.0977182771318053,0.0016625103906899,0.199305433975372
R3_intermediate,a100_mu030_g002,R3,4,cold,3778,0.1,378,0.4867724867724867,0.1588960398142324,0.0033250207813798,0.32644294226311
R3_intermediate,a100_mu030_g002,R3,4,cold,3778,0.2,756,0.4907407407407407,0.2552672524559519,0.0045719035743973,0.5212809978259344
R3_intermediate,a100_mu030_g002,R3,4,cold,3778,0.4,1512,0.4927248677248677,0.3809037769493832,0.0116375727348295,0.7753385879084368
R3_intermediate,a100_mu030_g002,R3,4,cold,3778,0.8,3023,0.4938802514058882,0.4843088028314792,0.0660847880299251,0.9828467179644972
R3_intermediate,a100_mu030_g002,R3,4,cold,3778,1.0,3778,0.5103229221810481,0.4938730313893163,0.1055694098088113,1.0000000000000002
R3_intermediate,a100_mu030_g002,R3,4,hot,15437,0.01,155,0.4903225806451612,0.0548035367259287,0.0027961736571008,0.1119845269221744
R3_intermediate,a100_mu030_g002,R3,4,hot,15437,0.02,309,0.4951456310679611,0.0878362723198548,0.0038263428991905,0.1781143337166154
R3_intermediate,a100_mu030_g002,R3,4,hot,15437,0.05,772,0.4974093264248704,0.1558882993906864,0.0194260485651214,0.3146601702708514
R3_intermediate,a100_mu030_g002,R3,4,hot,15437,0.1,1544,0.5136010362694301,0.2340786278340253,0.0596026490066225,0.46274353117674
R3_intermediate,a100_mu030_g002,R3,4,hot,15437,0.2,3088,0.5323834196891192,0.334674912881478,0.1212656364974245,0.6453853875441139
R3_intermediate,a100_mu030_g002,R3,4,hot,15437,0.4,6175,0.5431578947368421,0.444029630551409,0.2451802796173657,0.8430445896083358
R3_intermediate,a100_mu030_g002,R3,4,hot,15437,0.8,12350,0.5677732793522268,0.5288631832855978,0.5713024282560707,0.9888423067867228
R3_intermediate,a100_mu030_g002,R3,4,hot,15437,1.0,15437,0.5990153527239749,0.5365772746819287,0.730242825607064,0.999999999999996
R3_intermediate,a100_mu030_g002,R3,5,cold,4584,0.01,46,0.5,0.026920855429727,0.0014598540145985,0.0540458409800549
R3_intermediate,a100_mu030_g002,R3,5,cold,4584,0.02,92,0.4891304347826087,0.0461557434164829,0.0014598540145985,0.09446737298188
R3_intermediate,a100_mu030_g002,R3,5,cold,4584,0.05,230,0.4869565217391304,0.0949710711329125,0.002919708029197,0.1949745510503261
R3_intermediate,a100_mu030_g002,R3,5,cold,4584,0.1,459,0.4901960784313725,0.1594682779326801,0.0040145985401459,0.3256603612283148
R3_intermediate,a100_mu030_g002,R3,5,cold,4584,0.2,917,0.4885496183206106,0.2530750570424915,0.0054744525547445,0.5174792234430875
R3_intermediate,a100_mu030_g002,R3,5,cold,4584,0.4,1834,0.4912758996728462,0.374570238151417,0.0120437956204379,0.7630197643811509
R3_intermediate,a100_mu030_g002,R3,5,cold,4584,0.8,3668,0.5019083969465649,0.4850020741659818,0.2708029197080292,0.9793692280045
R3_intermediate,a100_mu030_g002,R3,5,cold,4584,1.0,4584,0.5213787085514834,0.4968436371740422,0.4375912408759124,1.000000000000001
R3_intermediate,a100_mu030_g002,R3,5,hot,25026,0.01,251,0.4940239043824701,0.0417626487037332,0.0030773018217626,0.0844672795375683
R3_intermediate,a100_mu030_g002,R3,5,hot,25026,0.02,501,0.500998003992016,0.0709071243862166,0.0046774987690792,0.1419399298595323
R3_intermediate,a100_mu030_g002,R3,5,hot,25026,0.05,1252,0.5159744408945687,0.1360647278296683,0.0515755785327424,0.266122927498623
R3_intermediate,a100_mu030_g002,R3,5,hot,25026,0.1,2503,0.5353575709149021,0.2146642139326425,0.1062284588872476,0.408205704808955
R3_intermediate,a100_mu030_g002,R3,5,hot,25026,0.2,5006,0.5659208949260887,0.3236374726976471,0.198547513540128,0.5913677694841444
R3_intermediate,a100_mu030_g002,R3,5,hot,25026,0.4,10011,0.5958445709719309,0.4560330355167513,0.3929098966026588,0.8037372015862024
R3_intermediate,a100_mu030_g002,R3,5,hot,25026,0.8,20021,0.6524649118425653,0.5807452677866961,0.7904972919743969,0.9828937127709318
R3_intermediate,a100_mu030_g002,R3,5,hot,25026,1.0,25026,0.6851674258770878,0.5943490445805563,0.922821270310192,1.0000000000000044
R3_intermediate,a100_mu030_g002,R3,6,cold,4495,0.01,45,0.4666666666666667,0.0244666320453968,0.0011778563015312,0.0520557614992477
R3_intermediate,a100_mu030_g002,R3,6,cold,4495,0.02,90,0.4666666666666667,0.0425798307583304,0.0011778563015312,0.0906902698217617
R3_intermediate,a100_mu030_g002,R3,6,cold,4495,0.05,225,0.48,0.0897275733649362,0.0015704750687082,0.1864321353809234
R3_intermediate,a100_mu030_g002,R3,6,cold,4495,0.1,450,0.4933333333333333,0.1543224190732899,0.0023557126030624,0.3137096656898809
R3_intermediate,a100_mu030_g002,R3,6,cold,4495,0.2,899,0.4949944382647386,0.2492849624957828,0.0051040439733019,0.505598171142998
R3_intermediate,a100_mu030_g002,R3,6,cold,4495,0.4,1798,0.4933259176863181,0.3734806332220933,0.0090302316450726,0.7586598879728342
R3_intermediate,a100_mu030_g002,R3,6,cold,4495,0.8,3596,0.5080645161290323,0.4880050961797583,0.2591283863368669,0.980364227925132
R3_intermediate,a100_mu030_g002,R3,6,cold,4495,1.0,4495,0.5283648498331479,0.4995677482826338,0.5661562622693365,1.0000000000000009
R3_intermediate,a100_mu030_g002,R3,6,hot,11023,0.01,111,0.4864864864864865,0.0523926633900901,0.0015426808364758,0.1081896145119226
R3_intermediate,a100_mu030_g002,R3,6,hot,11023,0.02,221,0.4932126696832579,0.0854694483385691,0.0037709976002742,0.1742821034986233
R3_intermediate,a100_mu030_g002,R3,6,hot,11023,0.05,552,0.4909420289855072,0.1539619698606492,0.0080562221460404,0.3142748147596909
R3_intermediate,a100_mu030_g002,R3,6,hot,11023,0.1,1103,0.4968268359020852,0.2306600818591538,0.0317106616386698,0.4666698575950506
R3_intermediate,a100_mu030_g002,R3,6,hot,11023,0.2,2205,0.5079365079365079,0.3282651572737329,0.0834761741515255,0.6555174235898459
R3_intermediate,a100_mu030_g002,R3,6,hot,11023,0.4,4410,0.5124716553287982,0.4312477057347014,0.1698663009941721,0.8547985589221162
R3_intermediate,a100_mu030_g002,R3,6,hot,11023,0.8,8819,0.5291983218051933,0.5044009475787278,0.3971546109016112,0.990635562277568
R3_intermediate,a100_mu030_g002,R3,6,hot,11023,1.0,11023,0.5535698085820557,0.5101719147146285,0.5022283167637984,1.0000000000000095
R3_intermediate,a100_mu030_g002,R3,7,cold,4773,0.01,48,0.4583333333333333,0.023064726773628,0.0010578279266572,0.0499588365516273
R3_intermediate,a100_mu030_g002,R3,7,cold,4773,0.02,96,0.4895833333333333,0.0437806659978397,0.0010578279266572,0.0897706329883672
R3_intermediate,a100_mu030_g002,R3,7,cold,4773,0.05,239,0.4811715481171548,0.0897462364908428,0.001410437235543,0.1864020197108914
R3_intermediate,a100_mu030_g002,R3,7,cold,4773,0.1,478,0.4916317991631799,0.1549391336257493,0.0021156558533145,0.3161618977348005
R3_intermediate,a100_mu030_g002,R3,7,cold,4773,0.2,955,0.4910994764397905,0.2492862035425707,0.0035260930888575,0.5087413696329324
R3_intermediate,a100_mu030_g002,R3,7,cold,4773,0.4,1910,0.4921465968586387,0.3746754313011592,0.0098730606488011,0.763363350951755
R3_intermediate,a100_mu030_g002,R3,7,cold,4773,0.8,3819,0.4980361351139041,0.4844460047176586,0.1195345557122708,0.9813086697554172
R3_intermediate,a100_mu030_g002,R3,7,cold,4773,1.0,4773,0.518541797611565,0.4949766749406332,0.4499294781382228,1.0000000000000018
R3_intermediate,a100_mu030_g002,R3,7,hot,23977,0.01,240,0.4958333333333333,0.0409593761229616,0.0047750691128424,0.0826564639353068
R3_intermediate,a100_mu030_g002,R3,7,hot,23977,0.02,480,0.5,0.0706634962402998,0.0075395828097511,0.1415677149669498
R3_intermediate,a100_mu030_g002,R3,7,hot,23977,0.05,1199,0.5154295246038365,0.1364454330323246,0.0369439557677808,0.2670780778340438
R3_intermediate,a100_mu030_g002,R3,7,hot,23977,0.1,2398,0.5354462051709759,0.2143715365892696,0.0963810002513194,0.4071869697778849
R3_intermediate,a100_mu030_g002,R3,7,hot,23977,0.2,4796,0.5590075062552127,0.3204686169551093,0.1784367931641116,0.5895641678160962
R3_intermediate,a100_mu030_g002,R3,7,hot,23977,0.4,9591,0.5845063079970806,0.449790096439012,0.375848203066097,0.8022413073935036
R3_intermediate,a100_mu030_g002,R3,7,hot,23977,0.8,19182,0.6451360650609946,0.574604316527876,0.78424227192762,0.9823470565472672
R3_intermediate,a100_mu030_g002,R3,7,hot,23977,1.0,23977,0.6801101055177878,0.5887435637276373,0.904121638602664,0.999999999999999
R3_intermediate,a100_mu030_g002,R3,8,cold,5392,0.01,54,0.4814814814814814,0.022741178535862,0.001086169442433,0.0473963689956907
R3_intermediate,a100_mu030_g002,R3,8,cold,5392,0.02,108,0.5,0.0427842464671369,0.001448225923244,0.0861429149018756
R3_intermediate,a100_mu030_g002,R3,8,cold,5392,0.05,270,0.4888888888888889,0.0885051776348355,0.002172338884866,0.1813902522636848
R3_intermediate,a100_mu030_g002,R3,8,cold,5392,0.1,540,0.4796296296296296,0.1465205249030834,0.003258508327299,0.304170438799378
R3_intermediate,a100_mu030_g002,R3,8,cold,5392,0.2,1079,0.4874884151992585,0.2403920124092094,0.005068790731354,0.4925393635166215
R3_intermediate,a100_mu030_g002,R3,8,cold,5392,0.4,2157,0.4969865554010199,0.3698921208755326,0.0159304851556842,0.7482846175108565
R3_intermediate,a100_mu030_g002,R3,8,cold,5392,0.8,4314,0.5217895224849328,0.4920183646305245,0.5514120202751629,0.9774095526386718
R3_intermediate,a100_mu030_g002,R3,8,cold,5392,1.0,5392,0.548219584569733,0.5060853291431631,0.7121650977552498,1.000000000000001
R3_intermediate,a100_mu030_g002,R3,8,hot,10570,0.01,106,0.490566037735849,0.0512858871629997,0.0038986354775828,0.1050277002514603
R3_intermediate,a100_mu030_g002,R3,8,hot,10570,0.02,212,0.490566037735849,0.083430924342523,0.0051391104022682,0.1705854495943249
R3_intermediate,a100_mu030_g002,R3,8,hot,10570,0.05,529,0.4896030245746692,0.1487959586775158,0.0106326422115895,0.3037780678997312
R3_intermediate,a100_mu030_g002,R3,8,hot,10570,0.1,1057,0.5014191106906338,0.2251442310305867,0.0343788764841396,0.452013844588212
R3_intermediate,a100_mu030_g002,R3,8,hot,10570,0.2,2114,0.5009460737937559,0.3191441658224861,0.0660995924153819,0.6397677445442561
R3_intermediate,a100_mu030_g002,R3,8,hot,10570,0.4,4228,0.509697256385998,0.4254803378557729,0.1683501683501683,0.8445488937599754
R3_intermediate,a100_mu030_g002,R3,8,hot,10570,0.8,8456,0.5300378429517503,0.5036003122732273,0.3994329257487152,0.9895906059144504
R3_intermediate,a100_mu030_g002,R3,8,hot,10570,1.0,10570,0.5540208136234627,0.5099665840147988,0.4961899698741804,1.0000000000000138
R3_intermediate,a100_mu030_g002,R3,9,cold,4728,0.01,48,0.4583333333333333,0.0247218211721691,0.0013942140118508,0.0535914268478984
R3_intermediate,a100_mu030_g002,R3,9,cold,4728,0.02,95,0.4842105263157895,0.0457488600109975,0.0013942140118508,0.0947405635681961
R3_intermediate,a100_mu030_g002,R3,9,cold,4728,0.05,237,0.4852320675105485,0.0946938077664705,0.0020913210177762,0.1953713108590958
R3_intermediate,a100_mu030_g002,R3,9,cold,4728,0.1,473,0.4883720930232558,0.1584211973862567,0.0020913210177762,0.3248065795478204
R3_intermediate,a100_mu030_g002,R3,9,cold,4728,0.2,946,0.4883720930232558,0.2533498263001251,0.003485535029627,0.5187440587733428
R3_intermediate,a100_mu030_g002,R3,9,cold,4728,0.4,1892,0.4904862579281184,0.376250301063225,0.0111537120948065,0.7672723548202167
R3_intermediate,a100_mu030_g002,R3,9,cold,4728,0.8,3783,0.5035685963521015,0.4867088056482614,0.1561519693272917,0.9814064344248048
R3_intermediate,a100_mu030_g002,R3,9,cold,4728,1.0,4728,0.5200930626057529,0.4970527791260034,0.4370860927152318,0.9999999999999974
R3_intermediate,a100_mu030_g002,R3,9,hot,23580,0.01,236,0.4957627118644068,0.0454194027400893,0.0026535253980288,0.0916377653766067
R3_intermediate,a100_mu030_g002,R3,9,hot,23580,0.02,472,0.4978813559322034,0.0762073639059666,0.0063179176143543,0.1532720845281165
R3_intermediate,a100_mu030_g002,R3,9,hot,23580,0.05,1179,0.5063613231552163,0.1434826690648651,0.052817791256002,0.2845933184084394
R3_intermediate,a100_mu030_g002,R3,9,hot,23580,0.1,2358,0.5284139100932994,0.2225499225489903,0.1023502653525398,0.4276108097523376
R3_intermediate,a100_mu030_g002,R3,9,hot,23580,0.2,4716,0.556403731976251,0.3286928516530107,0.18473591104372,0.6092636797661133
R3_intermediate,a100_mu030_g002,R3,9,hot,23580,0.4,9432,0.5840754877014419,0.4543008666952552,0.357720495324741,0.8150791734802514
R3_intermediate,a100_mu030_g002,R3,9,hot,23580,0.8,18864,0.642069550466497,0.5700376318576689,0.7765984331564316,0.9839251316372812
R3_intermediate,a100_mu030_g002,R3,9,hot,23580,1.0,23580,0.6762510602205258,0.5827216699551578,0.9104119282284558,0.999999999999998
R3_intermediate,a100_mu030_g002,R3,10,cold,5191,0.01,52,0.5,0.0253593624408201,0.0010964912280701,0.0509913971636559
R3_intermediate,a100_mu030_g002,R3,10,cold,5191,0.02,104,0.4711538461538461,0.0422291366077636,0.0010964912280701,0.0891725444695136
R3_intermediate,a100_mu030_g002,R3,10,cold,5191,0.05,260,0.4923076923076923,0.0902337911511961,0.0018274853801169,0.1838353819298938
R3_intermediate,a100_mu030_g002,R3,10,cold,5191,0.1,520,0.4961538461538461,0.1522984360759161,0.0029239766081871,0.3082715331702856
R3_intermediate,a100_mu030_g002,R3,10,cold,5191,0.2,1039,0.4898941289701636,0.242540321807636,0.0051169590643274,0.4950520410672944
R3_intermediate,a100_mu030_g002,R3,10,cold,5191,0.4,2077,0.495907558979297,0.3691447158885982,0.0296052631578947,0.7471247469255033
R3_intermediate,a100_mu030_g002,R3,10,cold,5191,0.8,4153,0.5232362147844931,0.4931033776363502,0.4894005847953216,0.9782759572973792
R3_intermediate,a100_mu030_g002,R3,10,cold,5191,1.0,5191,0.5453669813138123,0.5065948241406742,0.679093567251462,0.9999999999999986
R3_intermediate,a100_mu030_g002,R3,10,hot,10554,0.01,106,0.4811320754716981,0.0502938441733278,0.0021074815595363,0.1043959092640872
R3_intermediate,a100_mu030_g002,R3,10,hot,10554,0.02,212,0.490566037735849,0.0848456056255818,0.0035124692658939,0.1732108141730608
R3_intermediate,a100_mu030_g002,R3,10,hot,10554,0.05,528,0.4962121212121212,0.156271333773966,0.0129961362838075,0.3159759377403947
R3_intermediate,a100_mu030_g002,R3,10,hot,10554,0.1,1056,0.4990530303030303,0.2315693642860841,0.0272216368106779,0.4657568585695182
R3_intermediate,a100_mu030_g002,R3,10,hot,10554,0.2,2111,0.4992894362861203,0.3226155639487166,0.0677906568317527,0.6474962939298562
R3_intermediate,a100_mu030_g002,R3,10,hot,10554,0.4,4222,0.5056845097110374,0.424095455462789,0.1545486476993326,0.845427060751583
R3_intermediate,a100_mu030_g002,R3,10,hot,10554,0.8,8444,0.5253434391283752,0.5020897198037527,0.3535300316122234,0.9897499668113924
R3_intermediate,a100_mu030_g002,R3,10,hot,10554,1.0,10554,0.5477544059124503,0.5082599142815035,0.4956094134176326,1.0000000000000036
R3_intermediate,a100_mu030_g002,R3,11,cold,4699,0.01,47,0.4893617021276595,0.0255836216113668,0.0010842067220816,0.0524622021402266
R3_intermediate,a100_mu030_g002,R3,11,cold,4699,0.02,94,0.4893617021276595,0.0456595767038669,0.0014456089627755,0.0935552390007444
R3_intermediate,a100_mu030_g002,R3,11,cold,4699,0.05,235,0.4851063829787234,0.0925924697476067,0.0021684134441633,0.190848471501823
R3_intermediate,a100_mu030_g002,R3,11,cold,4699,0.1,470,0.4893617021276595,0.1560009678898082,0.0050596313697144,0.3192178251143487
R3_intermediate,a100_mu030_g002,R3,11,cold,4699,0.2,940,0.4893617021276595,0.2512620580090572,0.0061438380917961,0.513692607298423
R3_intermediate,a100_mu030_g002,R3,11,cold,4699,0.4,1880,0.4962765957446808,0.376405838806636,0.0159016985905312,0.7624970852013586
R3_intermediate,a100_mu030_g002,R3,11,cold,4699,0.8,3760,0.5079787234042553,0.4887512263180567,0.2190097578604987,0.9815952535123472
R3_intermediate,a100_mu030_g002,R3,11,cold,4699,1.0,4699,0.522877207916578,0.4986676515427873,0.4875316226960607,1.0
R3_intermediate,a100_mu030_g002,R3,11,hot,23478,0.01,235,0.4936170212765957,0.0491163680344492,0.0044231012258309,0.0993167156126106
R3_intermediate,a100_mu030_g002,R3,11,hot,23478,0.02,470,0.4978723404255319,0.0798233812768572,0.0090989510931378,0.1604980604551392
R3_intermediate,a100_mu030_g002,R3,11,hot,23478,0.05,1174,0.5093696763202725,0.1466082209782972,0.0515607228611146,0.2896682311540216
R3_intermediate,a100_mu030_g002,R3,11,hot,23478,0.1,2348,0.540885860306644,0.2288496326714073,0.1005939593074687,0.4336657294476748
R3_intermediate,a100_mu030_g002,R3,11,hot,23478,0.2,4696,0.5649488926746167,0.3354265603975487,0.1804625300139011,0.6149071089741752
R3_intermediate,a100_mu030_g002,R3,11,hot,23478,0.4,9392,0.588160136286201,0.4601424681849283,0.3615569316314925,0.8197504736408203
R3_intermediate,a100_mu030_g002,R3,11,hot,23478,0.8,18783,0.6422296757706437,0.5728380928527873,0.7678503728042462,0.9852600003890748
R3_intermediate,a100_mu030_g002,R3,11,hot,23478,1.0,23478,0.6759519550217225,0.5843340666172737,0.8997851636547454,0.9999999999999896
R3_intermediate,a100_mu030_g002,R3,12,cold,4983,0.01,50,0.46,0.0230068826030338,0.0011139992573338,0.049815147372244
R3_intermediate,a100_mu030_g002,R3,12,cold,4983,0.02,100,0.49,0.0440457650180678,0.0011139992573338,0.0903027153185809
R3_intermediate,a100_mu030_g002,R3,12,cold,4983,0.05,250,0.488,0.0920479858557923,0.0025993316004456,0.1889814412258508
R3_intermediate,a100_mu030_g002,R3,12,cold,4983,0.1,499,0.4869739478957915,0.1531545424095288,0.0025993316004456,0.31454310142496
R3_intermediate,a100_mu030_g002,R3,12,cold,4983,0.2,997,0.4924774322968906,0.2457386414819928,0.0044559970293353,0.5004263257549255
R3_intermediate,a100_mu030_g002,R3,12,cold,4983,0.4,1994,0.4939819458375125,0.3693615992045742,0.0371333085777942,0.7503702307864492
R3_intermediate,a100_mu030_g002,R3,12,cold,4983,0.8,3987,0.5151743165287184,0.4911039029454233,0.3275157816561456,0.979032387990954
R3_intermediate,a100_mu030_g002,R3,12,cold,4983,1.0,4983,0.5360224764198274,0.5033414412432409,0.6282955811362793,1.0000000000000018
R3_intermediate,a100_mu030_g002,R3,12,hot,11600,0.01,116,0.4913793103448275,0.0544073423977421,0.0026823134953897,0.1111193693483781
R3_intermediate,a100_mu030_g002,R3,12,hot,11600,0.02,232,0.4913793103448275,0.0892407563120187,0.0046940486169321,0.1818990204091222
R3_intermediate,a100_mu030_g002,R3,12,hot,11600,0.05,580,0.493103448275862,0.1595041308401509,0.0103939647946353,0.3238335229812133
R3_intermediate,a100_mu030_g002,R3,12,hot,11600,0.1,1160,0.5043103448275862,0.2369082128739043,0.0424140821458507,0.4735137375655268
R3_intermediate,a100_mu030_g002,R3,12,hot,11600,0.2,2320,0.5133620689655173,0.3302529761644067,0.0895222129086337,0.6517258286114181
R3_intermediate,a100_mu030_g002,R3,12,hot,11600,0.4,4640,0.5198275862068965,0.4332953515156487,0.1845766974015088,0.847223508950263
R3_intermediate,a100_mu030_g002,R3,12,hot,11600,0.8,9280,0.5407327586206897,0.5119842819415119,0.4130762782900251,0.9893812220563876
R3_intermediate,a100_mu030_g002,R3,12,hot,11600,1.0,11600,0.5632758620689655,0.5185170387054333,0.5386420787929589,1.0000000000000022
R3_intermediate,a100_mu030_g002,R3,13,cold,4616,0.01,47,0.4893617021276595,0.0258136142654595,0.0007230657989877,0.0528227827931506
R3_intermediate,a100_mu030_g002,R3,13,cold,4616,0.02,93,0.4838709677419355,0.0446444118014057,0.0014461315979754,0.0922677404616242
R3_intermediate,a100_mu030_g002,R3,13,cold,4616,0.05,231,0.4805194805194805,0.0914853345599746,0.0025307302964569,0.1898949995648928
R3_intermediate,a100_mu030_g002,R3,13,cold,4616,0.1,462,0.4891774891774891,0.1562693257451726,0.0025307302964569,0.3197569290750938
R3_intermediate,a100_mu030_g002,R3,13,cold,4616,0.2,924,0.4891774891774891,0.251475175353668,0.0079537237888647,0.5141276513685156
R3_intermediate,a100_mu030_g002,R3,13,cold,4616,0.4,1847,0.4932322685435842,0.3764484377975586,0.0173535791757049,0.76527899145255
R3_intermediate,a100_mu030_g002,R3,13,cold,4616,0.8,3693,0.5017600866504197,0.4850259923037698,0.2259580621836587,0.9800730043241852
R3_intermediate,a100_mu030_g002,R3,13,cold,4616,1.0,4616,0.5186308492201039,0.4960320366078062,0.3702096890817064,1.0000000000000009
R3_intermediate,a100_mu030_g002,R3,13,hot,24193,0.01,242,0.4958677685950413,0.0516162164507383,0.0030124262583155,0.1039907005603502
R3_intermediate,a100_mu030_g002,R3,13,hot,24193,0.02,484,0.4979338842975206,0.0827102522754896,0.0048951926697627,0.1660626574316564
R3_intermediate,a100_mu030_g002,R3,13,hot,24193,0.05,1210,0.515702479338843,0.1513879516316559,0.0535960838458641,0.2964354976849999
R3_intermediate,a100_mu030_g002,R3,13,hot,24193,0.1,2420,0.534297520661157,0.2295356005746487,0.1010417974143341,0.4377305822631164
R3_intermediate,a100_mu030_g002,R3,13,hot,24193,0.2,4839,0.566439346972515,0.3376015764304666,0.1921676917283795,0.6185196568725294
R3_intermediate,a100_mu030_g002,R3,13,hot,24193,0.4,9678,0.5945443273403596,0.4635076928283201,0.3648801305384712,0.8211895710211767
R3_intermediate,a100_mu030_g002,R3,13,hot,24193,0.8,19355,0.6470162748643762,0.5754555570349853,0.7817246140328856,0.9846023053990814
R3_intermediate,a100_mu030_g002,R3,13,hot,24193,1.0,24193,0.6815194477741495,0.5877332505456584,0.9105058365758756,0.9999999999999902
R3_intermediate,a100_mu030_g002,R3,14,cold,4706,0.01,48,0.5,0.0246938856747704,0.0011732499022291,0.0496046333343922
R3_intermediate,a100_mu030_g002,R3,14,cold,4706,0.02,95,0.4842105263157895,0.0422146215250739,0.0015643332029722,0.0871360665937581
R3_intermediate,a100_mu030_g002,R3,14,cold,4706,0.05,236,0.4872881355932203,0.0887388587816496,0.0019554165037152,0.1821156709627921
R3_intermediate,a100_mu030_g002,R3,14,cold,4706,0.1,471,0.4883227176220807,0.1497519176789936,0.0027375831052014,0.3066459800608981
R3_intermediate,a100_mu030_g002,R3,14,cold,4706,0.2,942,0.4904458598726114,0.2441477937158299,0.0062573328118889,0.4982022768227919
R3_intermediate,a100_mu030_g002,R3,14,cold,4706,0.4,1883,0.4960169941582581,0.3733059058341081,0.0308955807587016,0.7561604203228759
R3_intermediate,a100_mu030_g002,R3,14,cold,4706,0.8,3765,0.5091633466135458,0.4885410110774485,0.3797418850215096,0.9800538235683232
R3_intermediate,a100_mu030_g002,R3,14,cold,4706,1.0,4706,0.533361665958351,0.5003339335528488,0.6374657802111849,1.0000000000000029
R3_intermediate,a100_mu030_g002,R3,14,hot,11085,0.01,111,0.4774774774774775,0.046041151307357,0.0013805004314063,0.095901210536489
R3_intermediate,a100_mu030_g002,R3,14,hot,11085,0.02,222,0.4954954954954955,0.0789857124528995,0.0024158757549611,0.1599796440638045
R3_intermediate,a100_mu030_g002,R3,14,hot,11085,0.05,555,0.4954954954954955,0.1478061973450649,0.0155306298533218,0.2991465868354481
R3_intermediate,a100_mu030_g002,R3,14,hot,11085,0.1,1109,0.5139765554553652,0.2290756520605749,0.049525452976704,0.4515080563586627
R3_intermediate,a100_mu030_g002,R3,14,hot,11085,0.2,2217,0.5173658096526839,0.3299692079416352,0.08541846419327,0.6457125928285715
R3_intermediate,a100_mu030_g002,R3,14,hot,11085,0.4,4434,0.5254848894903023,0.4391480490996738,0.1742881794650561,0.8509389891926327
R3_intermediate,a100_mu030_g002,R3,14,hot,11085,0.8,8868,0.5387911592241769,0.515052433236916,0.4074201898188093,0.9903900418713424
R3_intermediate,a100_mu030_g002,R3,14,hot,11085,1.0,11085,0.5615696887686062,0.5210152619019616,0.5100949094046592,1.0000000000000056
R3_intermediate,a100_mu030_g002,R3,15,cold,5042,0.01,51,0.4705882352941176,0.0247172930695553,0.0010224948875255,0.0523990361209715
R3_intermediate,a100_mu030_g002,R3,15,cold,5042,0.02,101,0.4752475247524752,0.0436820236500736,0.0010224948875255,0.0915628365738343
R3_intermediate,a100_mu030_g002,R3,15,cold,5042,0.05,253,0.4822134387351778,0.0901861261593562,0.0020449897750511,0.1867100277387066
R3_intermediate,a100_mu030_g002,R3,15,cold,5042,0.1,505,0.493069306930693,0.1544795566291679,0.0023858214042263,0.3144938507895277
R3_intermediate,a100_mu030_g002,R3,15,cold,5042,0.2,1009,0.489593657086224,0.2457272373517305,0.0040899795501022,0.502135277976003
R3_intermediate,a100_mu030_g002,R3,15,cold,5042,0.4,2017,0.4962816063460585,0.3705639091506974,0.0139740967961826,0.750549368472473
R3_intermediate,a100_mu030_g002,R3,15,cold,5042,0.8,4034,0.5076846802181457,0.4877501370112024,0.2740286298568507,0.9786701917986428
R3_intermediate,a100_mu030_g002,R3,15,cold,5042,1.0,5042,0.5261800872669575,0.5001207065062824,0.5405589638718473,0.999999999999998
R3_intermediate,a100_mu030_g002,R3,15,hot,23644,0.01,237,0.4978902953586498,0.0499248671580285,0.0039141414141414,0.1003057655505639
R3_intermediate,a100_mu030_g002,R3,15,hot,23644,0.02,473,0.4989429175475687,0.0806779289288396,0.0058080808080808,0.1617382943828128
R3_intermediate,a100_mu030_g002,R3,15,hot,23644,0.05,1183,0.5080304311073541,0.1466808782924036,0.0243686868686868,0.2902802078207243
R3_intermediate,a100_mu030_g002,R3,15,hot,23644,0.1,2365,0.533615221987315,0.2248395820744696,0.0938131313131313,0.4304142209246269
R3_intermediate,a100_mu030_g002,R3,15,hot,23644,0.2,4729,0.5597377881158807,0.3303043635649555,0.1883838383838383,0.6112488358629754
R3_intermediate,a100_mu030_g002,R3,15,hot,23644,0.4,9458,0.5874392049058997,0.4552779878431502,0.3568181818181818,0.8148920106357387
R3_intermediate,a100_mu030_g002,R3,15,hot,23644,0.8,18916,0.6445337280609008,0.5713327509390188,0.7688131313131313,0.9839952837804646
R3_intermediate,a100_mu030_g002,R3,15,hot,23644,1.0,23644,0.677719506005752,0.5838617929148612,0.8994949494949495,0.9999999999999998
R3_intermediate,a100_mu030_g002,R3,16,cold,5155,0.01,52,0.4423076923076923,0.0211378349977942,0.0007363770250368,0.0472648376944009
R3_intermediate,a100_mu030_g002,R3,16,cold,5155,0.02,104,0.4807692307692308,0.0409724899101055,0.0011045655375552,0.0852239311162518
R3_intermediate,a100_mu030_g002,R3,16,cold,5155,0.05,258,0.4844961240310077,0.0865519542844365,0.001840942562592,0.1788297866020162
R3_intermediate,a100_mu030_g002,R3,16,cold,5155,0.1,516,0.4883720930232558,0.1494336283528224,0.0022091310751104,0.3063828848716037
R3_intermediate,a100_mu030_g002,R3,16,cold,5155,0.2,1031,0.4917555771096023,0.2439593110525175,0.0084683357879234,0.4971322573838501
R3_intermediate,a100_mu030_g002,R3,16,cold,5155,0.4,2062,0.4961202715809893,0.3729333850408622,0.018041237113402,0.7552531023418719
R3_intermediate,a100_mu030_g002,R3,16,cold,5155,0.8,4124,0.5155189136760426,0.4910472511920905,0.3232695139911635,0.9789380148884946
R3_intermediate,a100_mu030_g002,R3,16,cold,5155,1.0,5155,0.5408341416100872,0.5041079424378849,0.6778350515463918,0.999999999999995
R3_intermediate,a100_mu030_g002,R3,16,hot,11199,0.01,112,0.4910714285714285,0.05060841171595,0.0027739251040221,0.1030665056840504
R3_intermediate,a100_mu030_g002,R3,16,hot,11199,0.02,224,0.5,0.0845432694361445,0.0052011095700416,0.1700349809175731
R3_intermediate,a100_mu030_g002,R3,16,hot,11199,0.05,560,0.4946428571428571,0.152394605729465,0.0171636615811373,0.3081020014308221
R3_intermediate,a100_mu030_g002,R3,16,hot,11199,0.1,1120,0.5098214285714285,0.2310832597145139,0.044382801664355,0.4583911977535252
R3_intermediate,a100_mu030_g002,R3,16,hot,11199,0.2,2240,0.5214285714285715,0.3317966603155042,0.0906726768377253,0.6471248661087088
R3_intermediate,a100_mu030_g002,R3,16,hot,11199,0.4,4480,0.5296875,0.4396100608281972,0.1929611650485437,0.8480289709077851
R3_intermediate,a100_mu030_g002,R3,16,hot,11199,0.8,8960,0.5446428571428571,0.5180040462747167,0.4200762829403606,0.9898733246606864
R3_intermediate,a100_mu030_g002,R3,16,hot,11199,1.0,11199,0.5640682203768194,0.5242242043292515,0.540742024965326,0.9999999999999976
R3_intermediate,a100_mu030_g002,R3,17,cold,4461,0.01,45,0.4888888888888889,0.0269891623510676,0.0010913059294288,0.055491884573059
R3_intermediate,a100_mu030_g002,R3,17,cold,4461,0.02,90,0.4777777777777778,0.0472805313675561,0.0014550745725718,0.0988737326251856
R3_intermediate,a100_mu030_g002,R3,17,cold,4461,0.05,224,0.4866071428571428,0.0980581578003436,0.0014550745725718,0.2015640974793281
R3_intermediate,a100_mu030_g002,R3,17,cold,4461,0.1,447,0.4899328859060403,0.1622257157423756,0.0021826118588577,0.331577601687273
R3_intermediate,a100_mu030_g002,R3,17,cold,4461,0.2,893,0.4916013437849944,0.2559596128200975,0.0040014550745725,0.521857950670393
R3_intermediate,a100_mu030_g002,R3,17,cold,4461,0.4,1785,0.4918767507002801,0.3766477444895001,0.0069116042197162,0.766774007044667
R3_intermediate,a100_mu030_g002,R3,17,cold,4461,0.8,3569,0.5009806668534603,0.4851048044408569,0.2186249545289196,0.9805361266101442
R3_intermediate,a100_mu030_g002,R3,17,cold,4461,1.0,4461,0.5153553015019054,0.4955890183367889,0.3990542015278283,1.0000000000000029
R3_intermediate,a100_mu030_g002,R3,17,hot,23059,0.01,231,0.4935064935064935,0.0505403397835432,0.004479140005119,0.1022832283626518
R3_intermediate,a100_mu030_g002,R3,17,hot,23059,0.02,462,0.5043290043290043,0.0824766880721359,0.0062707960071666,0.1643040875254894
R3_intermediate,a100_mu030_g002,R3,17,hot,23059,0.05,1153,0.5186470078057241,0.1504170071426251,0.0336575377527514,0.2936194976083212
R3_intermediate,a100_mu030_g002,R3,17,hot,23059,0.1,2306,0.5381613183000867,0.2292784185366682,0.0938059892500639,0.4355638626451418
R3_intermediate,a100_mu030_g002,R3,17,hot,23059,0.2,4612,0.5589765828274068,0.3334522493039545,0.1760941899155362,0.6153653693924265
R3_intermediate,a100_mu030_g002,R3,17,hot,23059,0.4,9224,0.5839115351257589,0.4566678624273322,0.3729203992833376,0.8184544810475546
R3_intermediate,a100_mu030_g002,R3,17,hot,23059,0.8,18448,0.6396357328707719,0.5693711363630634,0.764653186588175,0.9842398281365032
R3_intermediate,a100_mu030_g002,R3,17,hot,23059,1.0,23059,0.6741836159417147,0.581641347725225,0.8999232147427694,0.9999999999999948
R3_intermediate,a100_mu030_g002,R3,18,cold,4914,0.01,50,0.48,0.0231243112336478,0.0011316484345529,0.0482156940956888
R3_intermediate,a100_mu030_g002,R3,18,cold,4914,0.02,99,0.4747474747474747,0.0403351073829974,0.0011316484345529,0.0847885502000858
R3_intermediate,a100_mu030_g002,R3,18,cold,4914,0.05,246,0.4959349593495935,0.0880032822782151,0.0015088645794039,0.178303745741828
R3_intermediate,a100_mu030_g002,R3,18,cold,4914,0.1,492,0.4878048780487805,0.1475295245707724,0.0030177291588079,0.302490638786595
R3_intermediate,a100_mu030_g002,R3,18,cold,4914,0.2,983,0.4852492370295015,0.2393533044388254,0.0082987551867219,0.4920871669556582
R3_intermediate,a100_mu030_g002,R3,18,cold,4914,0.4,1966,0.4928789420142421,0.3702210423498298,0.0241418332704639,0.7527900870592715
R3_intermediate,a100_mu030_g002,R3,18,cold,4914,0.8,3932,0.5114445574771109,0.4894243653268655,0.5028291210863824,0.9807040490167231
R3_intermediate,a100_mu030_g002,R3,18,cold,4914,1.0,4914,0.5354090354090354,0.5010244668124819,0.6556016597510373,1.000000000000004
R3_intermediate,a100_mu030_g002,R3,18,hot,11522,0.01,116,0.5,0.0553679242099936,0.0040431266846361,0.1112258448801618
R3_intermediate,a100_mu030_g002,R3,18,hot,11522,0.02,231,0.4978354978354978,0.0886305133871038,0.0057277628032345,0.1783212571351606
R3_intermediate,a100_mu030_g002,R3,18,hot,11522,0.05,577,0.5095320623916811,0.1609732745834276,0.014487870619946,0.3186844520334079
R3_intermediate,a100_mu030_g002,R3,18,hot,11522,0.1,1153,0.5082393755420642,0.2374972966505048,0.0475067385444743,0.4695720583845472
R3_intermediate,a100_mu030_g002,R3,18,hot,11522,0.2,2305,0.5223427331887202,0.3354631936592465,0.0938342318059299,0.6522524137297031
R3_intermediate,a100_mu030_g002,R3,18,hot,11522,0.4,4609,0.5257105662833587,0.4396082845712844,0.1792452830188679,0.8491707123307979
R3_intermediate,a100_mu030_g002,R3,18,hot,11522,0.8,9218,0.5405727923627685,0.5167513446956981,0.4241913746630728,0.9897867910073056
R3_intermediate,a100_mu030_g002,R3,18,hot,11522,1.0,11522,0.5647457038708558,0.5231569992402031,0.5380727762803235,0.9999999999999936
R3_intermediate,a100_mu030_g002,R3,19,cold,4587,0.01,46,0.5,0.0262908303750189,0.0010838150289017,0.0529149879481295
R3_intermediate,a100_mu030_g002,R3,19,cold,4587,0.02,92,0.4782608695652174,0.0444925588375767,0.0018063583815028,0.0928688933123423
R3_intermediate,a100_mu030_g002,R3,19,cold,4587,0.05,230,0.4869565217391304,0.0933136581582155,0.0018063583815028,0.1918062499257402
R3_intermediate,a100_mu030_g002,R3,19,cold,4587,0.1,459,0.4901960784313725,0.155285856122431,0.0021676300578034,0.3172829062676085
R3_intermediate,a100_mu030_g002,R3,19,cold,4587,0.2,918,0.4891067538126362,0.2478393991302185,0.005057803468208,0.50708897801256
R3_intermediate,a100_mu030_g002,R3,19,cold,4587,0.4,1835,0.4948228882833787,0.3754528307754219,0.0122832369942196,0.7624414667590067
R3_intermediate,a100_mu030_g002,R3,19,cold,4587,0.8,3670,0.5046321525885559,0.4870005194137535,0.236271676300578,0.9821762981819918
R3_intermediate,a100_mu030_g002,R3,19,cold,4587,1.0,4587,0.5188576411597995,0.4965164729740493,0.4082369942196532,1.0000000000000044
R3_intermediate,a100_mu030_g002,R3,19,hot,23614,0.01,237,0.4978902953586498,0.0464881545965079,0.0032919726513041,0.0934777791943104
R3_intermediate,a100_mu030_g002,R3,19,hot,23614,0.02,473,0.5031712473572939,0.0778050413414501,0.0046847303114712,0.1550510305887698
R3_intermediate,a100_mu030_g002,R3,19,hot,23614,0.05,1181,0.5156646909398814,0.1474004808771935,0.0459610027855153,0.2881504456425784
R3_intermediate,a100_mu030_g002,R3,19,hot,23614,0.1,2362,0.5385266723116003,0.2280130148034814,0.0933147632311977,0.4322393644688813
R3_intermediate,a100_mu030_g002,R3,19,hot,23614,0.2,4723,0.5610840567435952,0.332992823699701,0.1778931375031653,0.61231182809286
R3_intermediate,a100_mu030_g002,R3,19,hot,23614,0.4,9446,0.590620368409909,0.4600855904438108,0.3569258040010129,0.8180781623354516
R3_intermediate,a100_mu030_g002,R3,19,hot,23614,0.8,18892,0.6455113275460512,0.5741907680707498,0.7733603443909851,0.9846767457922866
R3_intermediate,a100_mu030_g002,R3,19,hot,23614,1.0,23614,0.6775641568561023,0.5861727634614151,0.9063053937705748,1.000000000000005
R3_intermediate,a100_mu030_g002,R3,20,cold,5034,0.01,51,0.4901960784313725,0.0235293082654059,0.0011106997408367,0.0481109357355001
R3_intermediate,a100_mu030_g002,R3,20,cold,5034,0.02,101,0.4851485148514851,0.0411233439306472,0.0011106997408367,0.0848577886978857
R3_intermediate,a100_mu030_g002,R3,20,cold,5034,0.05,252,0.4801587301587302,0.0857495747734947,0.0014809329877823,0.1781886873824669
R3_intermediate,a100_mu030_g002,R3,20,cold,5034,0.1,504,0.492063492063492,0.1485688253517595,0.002591632728619,0.3027426322760754
R3_intermediate,a100_mu030_g002,R3,20,cold,5034,0.2,1007,0.4925521350546177,0.2430896943463053,0.0037023324694557,0.4949672612742737
R3_intermediate,a100_mu030_g002,R3,20,cold,5034,0.4,2014,0.4935451837140019,0.3697309102627903,0.0159200296186597,0.7509516573994577
R3_intermediate,a100_mu030_g002,R3,20,cold,5034,0.8,4028,0.5109235352532274,0.4881238809394029,0.493891151425398,0.9788343022165426
R3_intermediate,a100_mu030_g002,R3,20,cold,5034,1.0,5034,0.5343663090981327,0.5007860767016381,0.6856719733432062,1.000000000000001
R3_intermediate,a100_mu030_g002,R3,20,hot,10378,0.01,104,0.4903846153846153,0.0489341689708999,0.0032608695652173,0.0999276932909486
R3_intermediate,a100_mu030_g002,R3,20,hot,10378,0.02,208,0.5,0.0846967100204594,0.0052536231884057,0.1701417580105707
R3_intermediate,a100_mu030_g002,R3,20,hot,10378,0.05,519,0.5048169556840078,0.1587387497038558,0.0204710144927536,0.3154570521789915
R3_intermediate,a100_mu030_g002,R3,20,hot,10378,0.1,1038,0.5134874759152216,0.2383755363049185,0.0422101449275362,0.4677477907094152
R3_intermediate,a100_mu030_g002,R3,20,hot,10378,0.2,2076,0.5163776493256262,0.3343501024247983,0.0807971014492753,0.6523054240598272
R3_intermediate,a100_mu030_g002,R3,20,hot,10378,0.4,4152,0.5238439306358381,0.4384047964451071,0.171195652173913,0.8485765690040722
R3_intermediate,a100_mu030_g002,R3,20,hot,10378,0.8,8303,0.5333012164277972,0.5145461904676736,0.3853260869565217,0.9898029477943004
R3_intermediate,a100_mu030_g002,R3,20,hot,10378,1.0,10378,0.5553093081518597,0.5207414668506034,0.5157608695652174,1.0000000000000058
R3_intermediate,a100_mu030_g002,R3,21,cold,5205,0.01,53,0.4716981132075472,0.0248649772792228,0.0013431833445265,0.0525793807746941
R3_intermediate,a100_mu030_g002,R3,21,cold,5205,0.02,105,0.4857142857142857,0.0446790192546409,0.0013431833445265,0.0920130803329517
R3_intermediate,a100_mu030_g002,R3,21,cold,5205,0.05,261,0.4827586206896552,0.0921538625201759,0.0016789791806581,0.1907231614571935
R3_intermediate,a100_mu030_g002,R3,21,cold,5205,0.1,521,0.491362763915547,0.157608751719518,0.0033579583613163,0.3213724229770749
R3_intermediate,a100_mu030_g002,R3,21,cold,5205,0.2,1041,0.48895292987512,0.2512981932663721,0.0067159167226326,0.5140164954827565
R3_intermediate,a100_mu030_g002,R3,21,cold,5205,0.4,2082,0.4951969260326609,0.3780814415516178,0.0211551376762928,0.7664405655019201
R3_intermediate,a100_mu030_g002,R3,21,cold,5205,0.8,4164,0.5069644572526417,0.4877882221728538,0.4066487575554063,0.980763296838029
R3_intermediate,a100_mu030_g002,R3,21,cold,5205,1.0,5205,0.52776176753122,0.4991400463390457,0.577568838146407,0.9999999999999922
R3_intermediate,a100_mu030_g002,R3,21,hot,22056,0.01,221,0.497737556561086,0.0472509668091348,0.0040613127210795,0.0951265460615612
R3_intermediate,a100_mu030_g002,R3,21,hot,22056,0.02,442,0.4954751131221719,0.0777504648798294,0.0072055548277217,0.1570773190029817
R3_intermediate,a100_mu030_g002,R3,21,hot,22056,0.05,1103,0.5095194922937444,0.1470688160702662,0.0338006026464037,0.291006380676328
R3_intermediate,a100_mu030_g002,R3,21,hot,22056,0.1,2206,0.528105167724388,0.2257613990930823,0.0905279706537403,0.4353335606138778
R3_intermediate,a100_mu030_g002,R3,21,hot,22056,0.2,4412,0.549184043517679,0.3308524203150266,0.1679549325298047,0.6195267443416146
R3_intermediate,a100_mu030_g002,R3,21,hot,22056,0.4,8823,0.5789414031508557,0.4558793780796754,0.3496659242761692,0.8258266053165548
R3_intermediate,a100_mu030_g002,R3,21,hot,22056,0.8,17645,0.6312836497591385,0.5631876953170748,0.7607755797196384,0.9858785713936256
R3_intermediate,a100_mu030_g002,R3,21,hot,22056,1.0,22056,0.66879760609358,0.574377422495473,0.884842132844229,0.9999999999999876
R3_intermediate,a100_mu030_g002,R3,22,cold,5038,0.01,51,0.4705882352941176,0.0232074287101141,0.0011164867882396,0.0492053455307503
R3_intermediate,a100_mu030_g002,R3,22,cold,5038,0.02,101,0.4851485148514851,0.0420159311121302,0.0014886490509862,0.0867807769961229
R3_intermediate,a100_mu030_g002,R3,22,cold,5038,0.05,252,0.4880952380952381,0.0877427697709948,0.0018608113137327,0.1801996167352878
R3_intermediate,a100_mu030_g002,R3,22,cold,5038,0.1,504,0.4880952380952381,0.1482479772901967,0.0029772981019724,0.3040842720180545
R3_intermediate,a100_mu030_g002,R3,22,cold,5038,0.2,1008,0.4910714285714285,0.2422826615188123,0.0040937848902121,0.4944635484798133
R3_intermediate,a100_mu030_g002,R3,22,cold,5038,0.4,2016,0.4965277777777778,0.3719395075059598,0.013397841458876,0.7531577715188291
R3_intermediate,a100_mu030_g002,R3,22,cold,5038,0.8,4031,0.5147606053088564,0.4900997578894531,0.3509490137700037,0.978532420173372
R3_intermediate,a100_mu030_g002,R3,22,cold,5038,1.0,5038,0.5389043271139341,0.5032944886298172,0.5839225902493487,0.999999999999992
R3_intermediate,a100_mu030_g002,R3,22,hot,10723,0.01,108,0.5092592592592593,0.0611430139897682,0.0073057733428367,0.121040790767479
R3_intermediate,a100_mu030_g002,R3,22,hot,10723,0.02,215,0.4976744186046511,0.097012978813047,0.0119387027797576,0.1949474626266275
R3_intermediate,a100_mu030_g002,R3,22,hot,10723,0.05,537,0.5195530726256983,0.175516080634439,0.0228082679971489,0.342102947882457
R3_intermediate,a100_mu030_g002,R3,22,hot,10723,0.1,1073,0.5256290773532153,0.2559398973263389,0.0452601568068424,0.4939233760850293
R3_intermediate,a100_mu030_g002,R3,22,hot,10723,0.2,2145,0.5263403263403263,0.3509251552062525,0.087847469707769,0.674014717954046
R3_intermediate,a100_mu030_g002,R3,22,hot,10723,0.4,4290,0.5305361305361306,0.4512372637614257,0.1801496792587313,0.8618011305136679
R3_intermediate,a100_mu030_g002,R3,22,hot,10723,0.8,8579,0.5378249213195011,0.5212494217025596,0.418567355666429,0.9908326100548092
R3_intermediate,a100_mu030_g002,R3,22,hot,10723,1.0,10723,0.5599179334141565,0.5268658004032568,0.5260156806842481,0.999999999999992
R3_intermediate,a100_mu030_g002,R3,23,cold,5095,0.01,51,0.4705882352941176,0.0233163380649176,0.001346348030966,0.0493928685285895
R3_intermediate,a100_mu030_g002,R3,23,cold,5095,0.02,102,0.4901960784313725,0.0431999961139428,0.001346348030966,0.0884965373571755
R3_intermediate,a100_mu030_g002,R3,23,cold,5095,0.05,255,0.4862745098039215,0.0905551391701485,0.001346348030966,0.1864768707752398
R3_intermediate,a100_mu030_g002,R3,23,cold,5095,0.1,510,0.4823529411764706,0.1525650608073861,0.002019522046449,0.3155079461089218
R3_intermediate,a100_mu030_g002,R3,23,cold,5095,0.2,1019,0.4916584887144259,0.2495452267627066,0.0097610232245035,0.508537712774716
R3_intermediate,a100_mu030_g002,R3,23,cold,5095,0.4,2038,0.4960745829244357,0.3756561677935638,0.022214742510939,0.7607292890638856
R3_intermediate,a100_mu030_g002,R3,23,cold,5095,0.8,4076,0.5083415112855741,0.4876416860623696,0.3483675530124537,0.979299043109895
R3_intermediate,a100_mu030_g002,R3,23,cold,5095,1.0,5095,0.5297350343473994,0.4999177419100105,0.5190171659373948,1.000000000000005
R3_intermediate,a100_mu030_g002,R3,23,hot,22907,0.01,230,0.5,0.0419225560841613,0.0019206145966709,0.084181212114617
R3_intermediate,a100_mu030_g002,R3,23,hot,22907,0.02,459,0.4967320261437908,0.0705897603894795,0.0032010243277848,0.1423835153928683
R3_intermediate,a100_mu030_g002,R3,23,hot,22907,0.05,1146,0.506108202443281,0.1358201605368836,0.0413572343149807,0.2698148172665444
R3_intermediate,a100_mu030_g002,R3,23,hot,22907,0.1,2291,0.5246617197730249,0.2132328489880277,0.0929577464788732,0.412710683992265
R3_intermediate,a100_mu030_g002,R3,23,hot,22907,0.2,4582,0.5552160628546486,0.3214192700499511,0.1715749039692701,0.597541736990295
R3_intermediate,a100_mu030_g002,R3,23,hot,22907,0.4,9163,0.5798319327731093,0.4490417666049583,0.3450704225352112,0.809630919960691
R3_intermediate,a100_mu030_g002,R3,23,hot,22907,0.8,18326,0.6356542617046819,0.5663230906868274,0.7704225352112676,0.983412557518422
R3_intermediate,a100_mu030_g002,R3,23,hot,22907,1.0,22907,0.6718470336578338,0.5795097251258494,0.9019206145966708,0.9999999999999968
R3_intermediate,a100_mu030_g002,R3,24,cold,5444,0.01,55,0.4727272727272727,0.0217008858245953,0.0010695187165775,0.0458113433117533
R3_intermediate,a100_mu030_g002,R3,24,cold,5444,0.02,109,0.4678899082568807,0.0387840852866673,0.0010695187165775,0.0826342977838971
R3_intermediate,a100_mu030_g002,R3,24,cold,5444,0.05,273,0.4835164835164835,0.0850874751099897,0.0017825311942959,0.175887449270238
R3_intermediate,a100_mu030_g002,R3,24,cold,5444,0.1,545,0.4899082568807339,0.1462073218621289,0.002139037433155,0.2989495774415344
R3_intermediate,a100_mu030_g002,R3,24,cold,5444,0.2,1089,0.4940312213039485,0.2411692439064791,0.0071301247771836,0.4899051773234194
R3_intermediate,a100_mu030_g002,R3,24,cold,5444,0.4,2178,0.4963269054178145,0.3692197779689177,0.0206773618538324,0.7469137575545927
R3_intermediate,a100_mu030_g002,R3,24,cold,5444,0.8,4356,0.5199724517906336,0.4924046148602264,0.5597147950089126,0.9779200699840562
R3_intermediate,a100_mu030_g002,R3,24,cold,5444,1.0,5444,0.5481263776634827,0.5065388990273361,0.7172905525846702,0.9999999999999994
R3_intermediate,a100_mu030_g002,R3,24,hot,10518,0.01,106,0.5,0.060270826810513,0.003379580220562,0.1208021646191616
R3_intermediate,a100_mu030_g002,R3,24,hot,10518,0.02,211,0.5023696682464455,0.100804140107618,0.0106723585912486,0.2011249742140802
R3_intermediate,a100_mu030_g002,R3,24,hot,10518,0.05,526,0.5190114068441065,0.1820312829480904,0.0261472785485592,0.3544346416956798
R3_intermediate,a100_mu030_g002,R3,24,hot,10518,0.1,1052,0.5190114068441065,0.2598393971445336,0.0567413731768054,0.5041587385279368
R3_intermediate,a100_mu030_g002,R3,24,hot,10518,0.2,2104,0.5223384030418251,0.3518776596246085,0.0940946282461757,0.6795985487243364
R3_intermediate,a100_mu030_g002,R3,24,hot,10518,0.4,4208,0.5299429657794676,0.4513274312591017,0.172002845962291,0.8646590157988451
R3_intermediate,a100_mu030_g002,R3,24,hot,10518,0.8,8415,0.5389185977421271,0.5199673073572147,0.3786908573461401,0.9909930521447696
R3_intermediate,a100_mu030_g002,R3,24,hot,10518,1.0,10518,0.5582810420231983,0.525383364476751,0.4791889007470651,1.0000000000000009
R3_intermediate,a100_mu030_g002,R3,25,cold,5125,0.01,52,0.4615384615384615,0.0241995437429283,0.0006734006734006,0.0519445757988403
R3_intermediate,a100_mu030_g002,R3,25,cold,5125,0.02,103,0.4854368932038835,0.0436535501773754,0.001010101010101,0.089999424061672
R3_intermediate,a100_mu030_g002,R3,25,cold,5125,0.05,257,0.4863813229571984,0.0899169608934495,0.0016835016835016,0.1850242268043311
R3_intermediate,a100_mu030_g002,R3,25,cold,5125,0.1,513,0.4873294346978557,0.1520617402316872,0.0023569023569023,0.3120897775600663
R3_intermediate,a100_mu030_g002,R3,25,cold,5125,0.2,1025,0.4917073170731707,0.2469948866285598,0.0037037037037037,0.5033188888891862
R3_intermediate,a100_mu030_g002,R3,25,cold,5125,0.4,2050,0.4970731707317073,0.3737256922434688,0.0171717171717171,0.7563262573669123
R3_intermediate,a100_mu030_g002,R3,25,cold,5125,0.8,4100,0.5051219512195122,0.486884364934871,0.1464646464646464,0.9793129973418414
R3_intermediate,a100_mu030_g002,R3,25,cold,5125,1.0,5125,0.5248780487804878,0.4988182300144329,0.5555555555555556,1.0
R3_intermediate,a100_mu030_g002,R3,25,hot,23657,0.01,237,0.4936708860759494,0.0452910285712828,0.0046628859483301,0.0916912650239475
R3_intermediate,a100_mu030_g002,R3,25,hot,23657,0.02,474,0.5021097046413502,0.0761049469254923,0.0104599873976055,0.1521276896934652
R3_intermediate,a100_mu030_g002,R3,25,hot,23657,0.05,1183,0.5156382079459002,0.1418635129094646,0.0235664776307498,0.2778597100485234
R3_intermediate,a100_mu030_g002,R3,25,hot,23657,0.1,2366,0.5346576500422654,0.2187204591311743,0.0893509766855702,0.4170166364423683
R3_intermediate,a100_mu030_g002,R3,25,hot,23657,0.2,4732,0.5572696534234995,0.3251921020431653,0.1834908632640201,0.6008827106698772
R3_intermediate,a100_mu030_g002,R3,25,hot,23657,0.4,9463,0.5861777449011941,0.4547868098372657,0.373156899810964,0.8125210733858061
R3_intermediate,a100_mu030_g002,R3,25,hot,23657,0.8,18926,0.6420268413822255,0.5716768973290858,0.7760554505356018,0.984070926343428
R3_intermediate,a100_mu030_g002,R3,25,hot,23657,1.0,23657,0.6768398359893477,0.5843053702167247,0.8986767485822307,0.999999999999998
R3_intermediate,a100_mu030_g002,R3,26,cold,5448,0.01,55,0.4909090909090909,0.0243685686099233,0.0014114326040931,0.04982546978965
R3_intermediate,a100_mu030_g002,R3,26,cold,5448,0.02,109,0.4770642201834862,0.0408299100580595,0.0014114326040931,0.0853740620054755
R3_intermediate,a100_mu030_g002,R3,26,cold,5448,0.05,273,0.4835164835164835,0.0860569570172013,0.0014114326040931,0.1780508804591693
R3_intermediate,a100_mu030_g002,R3,26,cold,5448,0.1,545,0.4844036697247706,0.1464220686396922,0.0028228652081863,0.3020826173300513
R3_intermediate,a100_mu030_g002,R3,26,cold,5448,0.2,1090,0.4889908256880734,0.2404983933739343,0.004940014114326,0.4922733810556703
R3_intermediate,a100_mu030_g002,R3,26,cold,5448,0.4,2180,0.4958715596330275,0.3709707140777882,0.0176429075511644,0.7517153534924199
R3_intermediate,a100_mu030_g002,R3,26,cold,5448,0.8,4359,0.5186969488414774,0.4922247480881496,0.3613267466478476,0.9810168725266692
R3_intermediate,a100_mu030_g002,R3,26,cold,5448,1.0,5448,0.5433186490455213,0.5037108632799526,0.7244177840508116,0.999999999999999
R3_intermediate,a100_mu030_g002,R3,26,hot,10715,0.01,108,0.4907407407407407,0.0543896097964299,0.0017655367231638,0.1107879373697407
R3_intermediate,a100_mu030_g002,R3,26,hot,10715,0.02,215,0.4976744186046511,0.0922786545649765,0.0068855932203389,0.1855654855963026
R3_intermediate,a100_mu030_g002,R3,26,hot,10715,0.05,536,0.5074626865671642,0.166917671487834,0.0204802259887005,0.3312620909419361
R3_intermediate,a100_mu030_g002,R3,26,hot,10715,0.1,1072,0.5177238805970149,0.2446218954566629,0.0416666666666666,0.4781629926349333
R3_intermediate,a100_mu030_g002,R3,26,hot,10715,0.2,2143,0.5258982734484368,0.3409166299685363,0.0919844632768361,0.6589522330381304
R3_intermediate,a100_mu030_g002,R3,26,hot,10715,0.4,4286,0.5263649090060663,0.4427775088686581,0.1885593220338983,0.8523733127107642
R3_intermediate,a100_mu030_g002,R3,26,hot,10715,0.8,8572,0.5391973868408773,0.5182661103280637,0.3859463276836158,0.9902277292996128
R3_intermediate,a100_mu030_g002,R3,26,hot,10715,1.0,10715,0.5585627624825011,0.5241678426001453,0.4941737288135593,1.0000000000000018
R3_intermediate,a100_mu030_g002,R3,27,cold,5130,0.01,52,0.4423076923076923,0.0238941447323727,0.0009861932938856,0.0531149248513063
R3_intermediate,a100_mu030_g002,R3,27,cold,5130,0.02,103,0.4854368932038835,0.0450330102904559,0.0016436554898093,0.0929897500423639
R3_intermediate,a100_mu030_g002,R3,27,cold,5130,0.05,257,0.4863813229571984,0.0941010423176306,0.0016436554898093,0.1937291892849748
R3_intermediate,a100_mu030_g002,R3,27,cold,5130,0.1,513,0.49317738791423,0.1597622842957892,0.0016436554898093,0.325240093822655
R3_intermediate,a100_mu030_g002,R3,27,cold,5130,0.2,1026,0.4902534113060429,0.2525347770568063,0.0046022353714661,0.5156568230213501
R3_intermediate,a100_mu030_g002,R3,27,cold,5130,0.4,2052,0.4907407407407407,0.3756990666253716,0.0118343195266272,0.7656921989183538
R3_intermediate,a100_mu030_g002,R3,27,cold,5130,0.8,4104,0.5026803118908382,0.48550889323772,0.1992110453648915,0.9803398816213624
R3_intermediate,a100_mu030_g002,R3,27,cold,5130,1.0,5130,0.5220272904483431,0.4967391699274159,0.5184089414858646,1.000000000000002
R3_intermediate,a100_mu030_g002,R3,27,hot,22727,0.01,228,0.5,0.0429702857510626,0.0018036588508116,0.0862088074084119
R3_intermediate,a100_mu030_g002,R3,27,hot,22727,0.02,455,0.4989010989010989,0.0720083696659854,0.0036073177016232,0.1445905317681925
R3_intermediate,a100_mu030_g002,R3,27,hot,22727,0.05,1137,0.5065963060686016,0.1373674760902483,0.040324658593146,0.2723694087628028
R3_intermediate,a100_mu030_g002,R3,27,hot,22727,0.1,2273,0.5270567531896172,0.2162472172194741,0.0948209224426694,0.4163867800382448
R3_intermediate,a100_mu030_g002,R3,27,hot,22727,0.2,4546,0.5565332160140783,0.3246036616121366,0.1669672764751352,0.6018390528121395
R3_intermediate,a100_mu030_g002,R3,27,hot,22727,0.4,9091,0.5824441755582445,0.4531998360509895,0.3457871682556042,0.8140382227940612
R3_intermediate,a100_mu030_g002,R3,27,hot,22727,0.8,18182,0.6378286217137829,0.568653000001146,0.7714506570471528,0.9840122299602516
R3_intermediate,a100_mu030_g002,R3,27,hot,22727,1.0,22727,0.6724600695208343,0.5812235801809847,0.8969337799536202,0.9999999999999978
R3_intermediate,a100_mu030_g002,R3,28,cold,5308,0.01,54,0.5,0.0234952254563935,0.0010714285714285,0.0471984993826064
R3_intermediate,a100_mu030_g002,R3,28,cold,5308,0.02,107,0.4766355140186916,0.0405729702350142,0.0014285714285714,0.0849091071907227
R3_intermediate,a100_mu030_g002,R3,28,cold,5308,0.05,266,0.4887218045112781,0.0877190703385982,0.0021428571428571,0.1797323732321393
R3_intermediate,a100_mu030_g002,R3,28,cold,5308,0.1,531,0.4896421845574388,0.1489479204977729,0.0032142857142857,0.3045558014932535
R3_intermediate,a100_mu030_g002,R3,28,cold,5308,0.2,1062,0.4896421845574388,0.2422824583337693,0.0067857142857142,0.4951659992214422
R3_intermediate,a100_mu030_g002,R3,28,cold,5308,0.4,2124,0.493879472693032,0.3696285960506772,0.0264285714285714,0.7502682727595141
R3_intermediate,a100_mu030_g002,R3,28,cold,5308,0.8,4247,0.5135389686837768,0.4904598962264713,0.3910714285714285,0.9794577296288024
R3_intermediate,a100_mu030_g002,R3,28,cold,5308,1.0,5308,0.5389977392614921,0.5031312228586989,0.7121428571428572,1.0000000000000029
R3_intermediate,a100_mu030_g002,R3,28,hot,11504,0.01,116,0.4827586206896552,0.0573987523174848,0.002229845626072,0.1184271819610461
R3_intermediate,a100_mu030_g002,R3,28,hot,11504,0.02,231,0.4935064935064935,0.094834344767677,0.0121783876500857,0.1920666615459276
R3_intermediate,a100_mu030_g002,R3,28,hot,11504,0.05,576,0.5121527777777778,0.1674642064696288,0.0238421955403087,0.3309087097901708
R3_intermediate,a100_mu030_g002,R3,28,hot,11504,0.1,1151,0.5178105994787141,0.2433788469286176,0.0469982847341337,0.4765442677585969
R3_intermediate,a100_mu030_g002,R3,28,hot,11504,0.2,2301,0.5271621034332898,0.34121831330981,0.1042881646655231,0.6589922369029962
R3_intermediate,a100_mu030_g002,R3,28,hot,11504,0.4,4602,0.5312907431551499,0.4455580595986502,0.2080617495711835,0.8531290958204836
R3_intermediate,a100_mu030_g002,R3,28,hot,11504,0.8,9204,0.5467188179052586,0.5222389480402128,0.453344768439108,0.9900131881955134
R3_intermediate,a100_mu030_g002,R3,28,hot,11504,1.0,11504,0.5700625869262865,0.5285277970293027,0.5641509433962264,1.000000000000007
R3_intermediate,a100_mu030_g002,R3,29,cold,4962,0.01,50,0.5,0.026364706487383,0.0006896551724137,0.0531056491553967
R3_intermediate,a100_mu030_g002,R3,29,cold,4962,0.02,100,0.49,0.0461359575833006,0.0013793103448275,0.0944206362192607
R3_intermediate,a100_mu030_g002,R3,29,cold,4962,0.05,249,0.4899598393574297,0.0939080503428973,0.0034482758620689,0.1919956637576173
R3_intermediate,a100_mu030_g002,R3,29,cold,4962,0.1,497,0.4989939637826961,0.1586527353022247,0.0051724137931034,0.3199026522273299
R3_intermediate,a100_mu030_g002,R3,29,cold,4962,0.2,993,0.4934541792547834,0.252501628967739,0.006551724137931,0.5126028725152111
R3_intermediate,a100_mu030_g002,R3,29,cold,4962,0.4,1985,0.4937027707808564,0.3757490320258289,0.0124137931034482,0.761708493336129
R3_intermediate,a100_mu030_g002,R3,29,cold,4962,0.8,3970,0.5088161209068011,0.4883067219325698,0.1472413793103448,0.9790040269766348
R3_intermediate,a100_mu030_g002,R3,29,cold,4962,1.0,4962,0.5235792019347038,0.4997503860157211,0.5406896551724137,1.0000000000000069
R3_intermediate,a100_mu030_g002,R3,29,hot,23544,0.01,236,0.4957627118644068,0.0427055410349572,0.002660922453117,0.0861650110884784
R3_intermediate,a100_mu030_g002,R3,29,hot,23544,0.02,471,0.4925690021231422,0.0717155680784431,0.0038013177901672,0.1454366137031483
R3_intermediate,a100_mu030_g002,R3,29,hot,23544,0.05,1178,0.5059422750424448,0.1384200565297728,0.0418144956918398,0.2749466980099898
R3_intermediate,a100_mu030_g002,R3,29,hot,23544,0.1,2355,0.5256900212314225,0.2156317279538012,0.095159655347187,0.416680154737124
R3_intermediate,a100_mu030_g002,R3,29,hot,23544,0.2,4709,0.5534083669568911,0.3219067935828967,0.1796756208819057,0.5995691864930198
R3_intermediate,a100_mu030_g002,R3,29,hot,23544,0.4,9418,0.58451900615842,0.4509903929506364,0.3463000506842372,0.810283363341976
R3_intermediate,a100_mu030_g002,R3,29,hot,23544,0.8,18836,0.6428647271182841,0.5698007836582621,0.777749619868221,0.983715283363922
R3_intermediate,a100_mu030_g002,R3,29,hot,23544,1.0,23544,0.6766904519198097,0.5826407244460773,0.9044602128737964,1.000000000000003
R3_intermediate,a100_mu030_g002,R3,30,cold,5744,0.01,58,0.4827586206896552,0.0228123063271329,0.0010369858278603,0.0472181236489683
R3_intermediate,a100_mu030_g002,R3,30,cold,5744,0.02,115,0.4956521739130435,0.0410754589288623,0.0010369858278603,0.0832242353684984
R3_intermediate,a100_mu030_g002,R3,30,cold,5744,0.05,288,0.4756944444444444,0.0829296601499136,0.0017283097131005,0.1735300483782048
R3_intermediate,a100_mu030_g002,R3,30,cold,5744,0.1,575,0.4869565217391304,0.1444429652248731,0.0020739716557207,0.2963580180832186
R3_intermediate,a100_mu030_g002,R3,30,cold,5744,0.2,1149,0.4917319408181027,0.2390809110111618,0.0062219149671621,0.4869032950024299
R3_intermediate,a100_mu030_g002,R3,30,cold,5744,0.4,2298,0.4947780678851174,0.3663905090090588,0.0193570687867265,0.7426116167003131
R3_intermediate,a100_mu030_g002,R3,30,cold,5744,0.8,4596,0.5215404699738904,0.4928752223109677,0.6215001728309714,0.977290680019426
R3_intermediate,a100_mu030_g002,R3,30,cold,5744,1.0,5744,0.5515320334261838,0.5075706966677526,0.7556170065675769,0.9999999999999968
R3_intermediate,a100_mu030_g002,R3,30,hot,10975,0.01,110,0.4909090909090909,0.0498928542364681,0.0015859030837004,0.1017926729119895
R3_intermediate,a100_mu030_g002,R3,30,hot,10975,0.02,220,0.4954545454545455,0.0871714138565688,0.0070484581497797,0.1764273770272763
R3_intermediate,a100_mu030_g002,R3,30,hot,10975,0.05,549,0.51183970856102,0.1663609383561552,0.0310132158590308,0.328710892505806
R3_intermediate,a100_mu030_g002,R3,30,hot,10975,0.1,1098,0.5154826958105647,0.2475214924015303,0.0548017621145374,0.4840753293489277
R3_intermediate,a100_mu030_g002,R3,30,hot,10975,0.2,2195,0.5289293849658314,0.3462567019699761,0.1037885462555066,0.6663717477345538
R3_intermediate,a100_mu030_g002,R3,30,hot,10975,0.4,4390,0.5328018223234624,0.4483150116230173,0.1903083700440528,0.8569390546114819
R3_intermediate,a100_mu030_g002,R3,30,hot,10975,0.8,8780,0.5440774487471526,0.5220686274749866,0.4021145374449339,0.990131134847918
R3_intermediate,a100_mu030_g002,R3,30,hot,10975,1.0,10975,0.5646469248291571,0.5281011551641265,0.5029074889867842,0.9999999999999988
R5_high_expansion_intermediate_friction,a150_mu030_g002,R5,1,cold,5795,0.01,58,0.4827586206896552,0.0218227707321675,0.0009943652635067,0.045137579400289
R5_high_expansion_intermediate_friction,a150_mu030_g002,R5,1,cold,5795,0.02,116,0.4827586206896552,0.0390106892679143,0.0009943652635067,0.0807045413259704
R5_high_expansion_intermediate_friction,a150_mu030_g002,R5,1,cold,5795,0.05,290,0.4827586206896552,0.0829955787054457,0.0026516407026847,0.1717626993908132
R5_high_expansion_intermediate_friction,a150_mu030_g002,R5,1,cold,5795,0.1,580,0.4913793103448275,0.1455754451654142,0.0039774610540271,0.2969191792172127
R5_high_expansion_intermediate_friction,a150_mu030_g002,R5,1,cold,5795,0.2,1159,0.4883520276100086,0.2387182298715584,0.0043089161418627,0.4885453062445492
R5_high_expansion_intermediate_friction,a150_mu030_g002,R5,1,cold,5795,0.4,2318,0.495685936151855,0.3696186750842084,0.0556844547563805,0.7489996860709941
R5_high_expansion_intermediate_friction,a150_mu030_g002,R5,1,cold,5795,0.8,4636,0.5265314926660914,0.4958655880783902,0.5621478289691747,0.9788458959355808
R5_high_expansion_intermediate_friction,a150_mu030_g002,R5,1,cold,5795,1.0,5795,0.5496117342536669,0.5089224381465227,0.6788200198873052,1.0000000000000009
R5_high_expansion_intermediate_friction,a150_mu030_g002,R5,1,hot,47295,0.01,473,0.4989429175475687,0.0165674657906658,0.0009298481248062,0.0332004375066679
R5_high_expansion_intermediate_friction,a150_mu030_g002,R5,1,hot,47295,0.02,946,0.4989429175475687,0.0304415045276148,0.0024795949994834,0.0610021257182609
R5_high_expansion_intermediate_friction,a150_mu030_g002,R5,1,hot,47295,0.05,2365,0.4989429175475687,0.0668604625218295,0.003202810207666,0.1339769355893418
R5_high_expansion_intermediate_friction,a150_mu030_g002,R5,1,hot,47295,0.1,4730,0.5027484143763213,0.1194825684450128,0.0116747597892344,0.2378732376277376
R5_high_expansion_intermediate_friction,a150_mu030_g002,R5,1,hot,47295,0.2,9459,0.5327201606935194,0.2155201242755207,0.3748321107552433,0.4092799672719598
R5_high_expansion_intermediate_friction,a150_mu030_g002,R5,1,hot,47295,0.4,18918,0.6317263981393382,0.4030117619756023,0.7027585494369253,0.6676855042146413
R5_high_expansion_intermediate_friction,a150_mu030_g002,R5,1,hot,47295,0.8,37836,0.7628977693202241,0.662740316117923,0.9268519475152392,0.961004175059984
R5_high_expansion_intermediate_friction,a150_mu030_g002,R5,1,hot,47295,1.0,47295,0.7956020721006449,0.6993510595669487,0.9976237214588284,0.9999999999999948
R5_high_expansion_intermediate_friction,a150_mu030_g002,R5,2,cold,6470,0.01,65,0.4615384615384615,0.0188406691901475,0.0012334258402713,0.0407095094223506
R5_high_expansion_intermediate_friction,a150_mu030_g002,R5,2,cold,6470,0.02,130,0.4846153846153846,0.0367208404056319,0.0015417823003391,0.0758702942071796
R5_high_expansion_intermediate_friction,a150_mu030_g002,R5,2,cold,6470,0.05,324,0.4876543209876543,0.0806415059603035,0.001850138760407,0.1654482256136862
R5_high_expansion_intermediate_friction,a150_mu030_g002,R5,2,cold,6470,0.1,647,0.4868624420401855,0.139208615183527,0.0024668516805427,0.2859115537144754
R5_high_expansion_intermediate_friction,a150_mu030_g002,R5,2,cold,6470,0.2,1294,0.4930448222565687,0.2348908355100815,0.0049337033610854,0.4776537163011705
R5_high_expansion_intermediate_friction,a150_mu030_g002,R5,2,cold,6470,0.4,2588,0.4965224111282844,0.3661361325917914,0.0333024976873265,0.7402054551449498
R5_high_expansion_intermediate_friction,a150_mu030_g002,R5,2,cold,6470,0.8,5176,0.5382534775888718,0.5010636340307425,0.606845513413506,0.9779500964614242
R5_high_expansion_intermediate_friction,a150_mu030_g002,R5,2,cold,6470,1.0,6470,0.5632148377125193,0.515307520632601,0.7153869873573852,1.0000000000000029
R5_high_expansion_intermediate_friction,a150_mu030_g002,R5,2,hot,43885,0.01,439,0.5011389521640092,0.0215520028051547,0.0016632016632016,0.0430259981178936
R5_high_expansion_intermediate_friction,a150_mu030_g002,R5,2,hot,43885,0.02,878,0.5011389521640092,0.0383339751788588,0.0023908523908523,0.0765145103020391
R5_high_expansion_intermediate_friction,a150_mu030_g002,R5,2,hot,43885,0.05,2195,0.503872437357631,0.0808539676170791,0.0112266112266112,0.1606262609814685
R5_high_expansion_intermediate_friction,a150_mu030_g002,R5,2,hot,43885,0.1,4389,0.5094554568238778,0.1398124910545237,0.0715176715176715,0.2752066691443429
R5_high_expansion_intermediate_friction,a150_mu030_g002,R5,2,hot,43885,0.2,8777,0.5506437279252592,0.2461686147800202,0.3571725571725572,0.4557434530669114
R5_high_expansion_intermediate_friction,a150_mu030_g002,R5,2,hot,43885,0.4,17554,0.6392844935627208,0.4306831846441578,0.6398128898128899,0.7109644218114123
R5_high_expansion_intermediate_friction,a150_mu030_g002,R5,2,hot,43885,0.8,35108,0.7502848353651589,0.649921863906729,0.9077962577962578,0.9686564911428868
R5_high_expansion_intermediate_friction,a150_mu030_g002,R5,2,hot,43885,1.0,43885,0.7811097185826592,0.6782098716284717,0.9972972972972972,1.0000000000000049
R5_high_expansion_intermediate_friction,a150_mu030_g002,R5,3,cold,11172,0.01,112,0.4821428571428571,0.0196424243113359,0.0013519603424966,0.0406382396677957
R5_high_expansion_intermediate_friction,a150_mu030_g002,R5,3,cold,11172,0.02,224,0.5,0.0365541586464336,0.001577287066246,0.0733385242439141
R5_high_expansion_intermediate_friction,a150_mu030_g002,R5,3,cold,11172,0.05,559,0.4901610017889087,0.0769473877571205,0.0024785939612438,0.1569721343959361
R5_high_expansion_intermediate_friction,a150_mu030_g002,R5,3,cold,11172,0.1,1118,0.4910554561717352,0.1338873754603702,0.0033799008562415,0.2725905740450615
R5_high_expansion_intermediate_friction,a150_mu030_g002,R5,3,cold,11172,0.2,2235,0.4988814317673378,0.2274028960314207,0.0101397025687246,0.4573742406100183
R5_high_expansion_intermediate_friction,a150_mu030_g002,R5,3,cold,11172,0.4,4469,0.5198030879391363,0.3678766953803752,0.2884182063992789,0.7194361496460691
R5_high_expansion_intermediate_friction,a150_mu030_g002,R5,3,cold,11172,0.8,8938,0.6021481315730588,0.5391963402408878,0.7352410995944119,0.9732381947359678
R5_high_expansion_intermediate_friction,a150_mu030_g002,R5,3,cold,11172,1.0,11172,0.6322055137844611,0.5590774869102212,0.8397926994141505,1.0000000000000009
R5_high_expansion_intermediate_friction,a150_mu030_g002,R5,3,hot,37397,0.01,374,0.4973262032085561,0.0275090180150242,0.0018117872748587,0.0552787328617153
R5_high_expansion_intermediate_friction,a150_mu030_g002,R5,3,hot,37397,0.02,748,0.5013368983957219,0.0471596119951355,0.0046893317702227,0.0941235235596239
R5_high_expansion_intermediate_friction,a150_mu030_g002,R5,3,hot,37397,0.05,1870,0.5101604278074866,0.0950560412183442,0.0491314078652882,0.1868708414846466
R5_high_expansion_intermediate_friction,a150_mu030_g002,R5,3,hot,37397,0.1,3740,0.5227272727272727,0.1588464934521436,0.0823830331450495,0.3061459613689876
R5_high_expansion_intermediate_friction,a150_mu030_g002,R5,3,hot,37397,0.2,7480,0.5453208556149732,0.2610289730200288,0.2921240541404668,0.4868377559835276
R5_high_expansion_intermediate_friction,a150_mu030_g002,R5,3,hot,37397,0.4,14959,0.6103349154355238,0.4248074822499939,0.5960780134285409,0.7312375791289554
R5_high_expansion_intermediate_friction,a150_mu030_g002,R5,3,hot,37397,0.8,29918,0.714787084698175,0.6186812225685892,0.901417457103272,0.9712783475395508
R5_high_expansion_intermediate_friction,a150_mu030_g002,R5,3,hot,37397,1.0,37397,0.7501938658181138,0.6441151208920375,0.9904081850154536,0.9999999999999996
R5_high_expansion_intermediate_friction,a150_mu030_g002,R5,4,cold,3454,0.01,35,0.4571428571428571,0.0231751949448285,0.000812017864393,0.0506166132614675
R5_high_expansion_intermediate_friction,a150_mu030_g002,R5,4,cold,3454,0.02,70,0.4857142857142857,0.0444944293358986,0.0012180267965895,0.0917892528844063
R5_high_expansion_intermediate_friction,a150_mu030_g002,R5,4,cold,3454,0.05,173,0.4913294797687861,0.0937792911622794,0.0020300446609825,0.1915601844203802
R5_high_expansion_intermediate_friction,a150_mu030_g002,R5,4,cold,3454,0.1,346,0.4855491329479768,0.1563792128849563,0.002436053593179,0.3220586724271919
R5_high_expansion_intermediate_friction,a150_mu030_g002,R5,4,cold,3454,0.2,691,0.487698986975398,0.2512768057150342,0.0044660982541615,0.5157359148913456
R5_high_expansion_intermediate_friction,a150_mu030_g002,R5,4,cold,3454,0.4,1382,0.4898697539797395,0.3760059003766872,0.0138043036946812,0.7683353351232266
R5_high_expansion_intermediate_friction,a150_mu030_g002,R5,4,cold,3454,0.8,2764,0.4960202604920405,0.4838419472116766,0.0978481526593585,0.9822126686932752
R5_high_expansion_intermediate_friction,a150_mu030_g002,R5,4,cold,3454,1.0,3454,0.5052113491603938,0.4929105918160512,0.2107186358099878,0.9999999999999996
R5_high_expansion_intermediate_friction,a150_mu030_g002,R5,4,hot,28870,0.01,289,0.4982698961937716,0.0328370844374143,0.0011399908800729,0.0661043147059222
R5_high_expansion_intermediate_friction,a150_mu030_g002,R5,4,hot,28870,0.02,578,0.4930795847750865,0.0565942608167473,0.0021659826721386,0.1147691892886841
R5_high_expansion_intermediate_friction,a150_mu030_g002,R5,4,hot,28870,0.05,1444,0.4965373961218836,0.1125235042154654,0.0224578203374373,0.2267653367271478
R5_high_expansion_intermediate_friction,a150_mu030_g002,R5,4,hot,28870,0.1,2887,0.514028403186699,0.1845415923206632,0.0393296853625171,0.362495713136105
R5_high_expansion_intermediate_friction,a150_mu030_g002,R5,4,hot,28870,0.2,5774,0.5391409767925182,0.2917479357052132,0.2485180118559051,0.5534053746084413
R5_high_expansion_intermediate_friction,a150_mu030_g002,R5,4,hot,28870,0.4,11548,0.5947350190509179,0.4426234404316728,0.4914500683994528,0.7874099308677404
R5_high_expansion_intermediate_friction,a150_mu030_g002,R5,4,hot,28870,0.8,23096,0.6692067890543817,0.5845426402919174,0.843251253989968,0.9815040069342328
R5_high_expansion_intermediate_friction,a150_mu030_g002,R5,4,hot,28870,1.0,28870,0.700277104260478,0.5995009346626274,0.9685362517099864,1.0000000000000089
R5_high_expansion_intermediate_friction,a150_mu030_g002,R5,5,cold,2833,0.01,29,0.4827586206896552,0.0246140255440409,0.0014164305949008,0.0511227807705566
R5_high_expansion_intermediate_friction,a150_mu030_g002,R5,5,cold,2833,0.02,57,0.4736842105263157,0.0425631658238987,0.0014164305949008,0.0897621645872437
R5_high_expansion_intermediate_friction,a150_mu030_g002,R5,5,cold,2833,0.05,142,0.4859154929577465,0.0905311941005826,0.0018885741265344,0.1870476608693178
R5_high_expansion_intermediate_friction,a150_mu030_g002,R5,5,cold,2833,0.1,284,0.4823943661971831,0.1542489459147544,0.0018885741265344,0.3199924855453134
R5_high_expansion_intermediate_friction,a150_mu030_g002,R5,5,cold,2833,0.2,567,0.4885361552028218,0.2542399587697023,0.0051935788479697,0.5214696273487296
R5_high_expansion_intermediate_friction,a150_mu030_g002,R5,5,cold,2833,0.4,1134,0.4894179894179894,0.3796418208397186,0.0151085930122757,0.7767046132759339
R5_high_expansion_intermediate_friction,a150_mu030_g002,R5,5,cold,2833,0.8,2267,0.4962505513895015,0.4836458638574891,0.0585457979225684,0.9826840933560612
R5_high_expansion_intermediate_friction,a150_mu030_g002,R5,5,cold,2833,1.0,2833,0.5047652665019414,0.4924257717203545,0.0722379603399433,0.999999999999996
R5_high_expansion_intermediate_friction,a150_mu030_g002,R5,5,hot,21031,0.01,211,0.4834123222748815,0.0435367472873044,0.0011703511053315,0.0898763503195408
R5_high_expansion_intermediate_friction,a150_mu030_g002,R5,5,hot,21031,0.02,421,0.4964370546318289,0.0724306665483167,0.0053315994798439,0.1465232122851845
R5_high_expansion_intermediate_friction,a150_mu030_g002,R5,5,hot,21031,0.05,1052,0.5,0.1323567553191311,0.0105331599479843,0.265959075783319
R5_high_expansion_intermediate_friction,a150_mu030_g002,R5,5,hot,21031,0.1,2104,0.5123574144486692,0.2062462326529507,0.0777633289986996,0.4071995462023135
R5_high_expansion_intermediate_friction,a150_mu030_g002,R5,5,hot,21031,0.2,4207,0.5362491086284763,0.3139404909498433,0.1976592977893368,0.5999627716950247
R5_high_expansion_intermediate_friction,a150_mu030_g002,R5,5,hot,21031,0.4,8413,0.5807678592654225,0.4529110903711877,0.3959687906371911,0.8230323438492356
R5_high_expansion_intermediate_friction,a150_mu030_g002,R5,5,hot,21031,0.8,16825,0.6338781575037147,0.5650884566307274,0.7066319895968791,0.9875379615786456
R5_high_expansion_intermediate_friction,a150_mu030_g002,R5,5,hot,21031,1.0,21031,0.6516095287908326,0.5736962619473944,0.8625487646293888,0.9999999999999988
R5_high_expansion_intermediate_friction,a150_mu030_g002,R5,6,cold,2177,0.01,22,0.4545454545454545,0.0256552979327821,0.001081081081081,0.0560860159207201
R5_high_expansion_intermediate_friction,a150_mu030_g002,R5,6,cold,2177,0.02,44,0.4545454545454545,0.0460983755640986,0.001081081081081,0.1006061663722829
R5_high_expansion_intermediate_friction,a150_mu030_g002,R5,6,cold,2177,0.05,109,0.4862385321100917,0.0994086332202492,0.0016216216216216,0.2046843253629013
R5_high_expansion_intermediate_friction,a150_mu030_g002,R5,6,cold,2177,0.1,218,0.4770642201834862,0.1623744646519593,0.0016216216216216,0.3388279350118876
R5_high_expansion_intermediate_friction,a150_mu030_g002,R5,6,cold,2177,0.2,436,0.4908256880733945,0.2621614555980845,0.0027027027027027,0.5360974426902663
R5_high_expansion_intermediate_friction,a150_mu030_g002,R5,6,cold,2177,0.4,871,0.4879448909299655,0.3820816238847444,0.0032432432432432,0.7833414477510551
R5_high_expansion_intermediate_friction,a150_mu030_g002,R5,6,cold,2177,0.8,1742,0.4902411021814007,0.482252732078536,0.0054054054054054,0.9849533484356718
R5_high_expansion_intermediate_friction,a150_mu030_g002,R5,6,cold,2177,1.0,2177,0.4947175011483693,0.48950228575261,0.007027027027027,0.9999999999999992
R5_high_expansion_intermediate_friction,a150_mu030_g002,R5,6,hot,25261,0.01,253,0.4940711462450592,0.043400515324998,0.0017961920728056,0.0878931951686527
R5_high_expansion_intermediate_friction,a150_mu030_g002,R5,6,hot,25261,0.02,506,0.4940711462450592,0.0732866054650529,0.0023949227637408,0.1483534893939544
R5_high_expansion_intermediate_friction,a150_mu030_g002,R5,6,hot,25261,0.05,1264,0.5,0.1393483359332044,0.0091007065022153,0.2796170658728079
R5_high_expansion_intermediate_friction,a150_mu030_g002,R5,6,hot,25261,0.1,2527,0.5136525524337159,0.217927395658245,0.0777152436833912,0.4290944551521375
R5_high_expansion_intermediate_friction,a150_mu030_g002,R5,6,hot,25261,0.2,5053,0.5503661191371463,0.3308516874460868,0.2323075080828643,0.6219394706137349
R5_high_expansion_intermediate_friction,a150_mu030_g002,R5,6,hot,25261,0.4,10105,0.5914893617021276,0.4625262154480526,0.4482097952341037,0.8317033860064941
R5_high_expansion_intermediate_friction,a150_mu030_g002,R5,6,hot,25261,0.8,20209,0.6477312088673364,0.5703541834886678,0.8000239492276374,0.986885763074013
R5_high_expansion_intermediate_friction,a150_mu030_g002,R5,6,hot,25261,1.0,25261,0.6778037290685246,0.580544234280006,0.9318644473715724,1.0000000000000104
R5_high_expansion_intermediate_friction,a150_mu030_g002,R5,7,cold,2427,0.01,25,0.48,0.0284570582261389,0.0015151515151515,0.0593085927718236
R5_high_expansion_intermediate_friction,a150_mu030_g002,R5,7,cold,2427,0.02,49,0.4897959183673469,0.0501225453192943,0.0015151515151515,0.1026658495608578
R5_high_expansion_intermediate_friction,a150_mu030_g002,R5,7,cold,2427,0.05,122,0.4672131147540984,0.0971243913789776,0.002020202020202,0.2060837718899253
R5_high_expansion_intermediate_friction,a150_mu030_g002,R5,7,cold,2427,0.1,243,0.48559670781893,0.1644330373986436,0.0025252525252525,0.3385953512296896
R5_high_expansion_intermediate_friction,a150_mu030_g002,R5,7,cold,2427,0.2,486,0.4917695473251028,0.2602099047924637,0.0035353535353535,0.531006586835301
R5_high_expansion_intermediate_friction,a150_mu030_g002,R5,7,cold,2427,0.4,971,0.4943357363542739,0.3853834811094748,0.0035353535353535,0.7844934516058816
R5_high_expansion_intermediate_friction,a150_mu030_g002,R5,7,cold,2427,0.8,1942,0.4922760041194645,0.4834905027538496,0.0101010101010101,0.985676843488846
R5_high_expansion_intermediate_friction,a150_mu030_g002,R5,7,cold,2427,1.0,2427,0.4956736711990111,0.4901618325082045,0.0136363636363636,1.0000000000000018
R5_high_expansion_intermediate_friction,a150_mu030_g002,R5,7,hot,25426,0.01,255,0.4980392156862745,0.0423014785134593,0.0047055984555984,0.085018111515349
R5_high_expansion_intermediate_friction,a150_mu030_g002,R5,7,hot,25426,0.02,509,0.5009823182711198,0.0700798730160823,0.0071187258687258,0.140021490645692
R5_high_expansion_intermediate_friction,a150_mu030_g002,R5,7,hot,25426,0.05,1272,0.5078616352201258,0.1297258356686352,0.0340250965250965,0.2564555451113224
R5_high_expansion_intermediate_friction,a150_mu030_g002,R5,7,hot,25426,0.1,2543,0.5178922532441997,0.2025463311026617,0.0979729729729729,0.3943079081601787
R5_high_expansion_intermediate_friction,a150_mu030_g002,R5,7,hot,25426,0.2,5086,0.5534801415650806,0.3137214062541939,0.2208011583011583,0.5833718728962919
R5_high_expansion_intermediate_friction,a150_mu030_g002,R5,7,hot,25426,0.4,10171,0.5957133025267919,0.4543656461109483,0.4347249034749035,0.8051941219761994
R5_high_expansion_intermediate_friction,a150_mu030_g002,R5,7,hot,25426,0.8,20341,0.6535568556118185,0.5797186046030105,0.7976592664092664,0.9838713416490524
R5_high_expansion_intermediate_friction,a150_mu030_g002,R5,7,hot,25426,1.0,25426,0.6822937150947849,0.5921219515519309,0.9315878378378378,1.000000000000015
R5_high_expansion_intermediate_friction,a150_mu030_g002,R5,8,cold,2761,0.01,28,0.4642857142857143,0.0251821751084855,0.0014197823000473,0.0540924379726356
R5_high_expansion_intermediate_friction,a150_mu030_g002,R5,8,cold,2761,0.02,56,0.4821428571428571,0.0468125280676342,0.0018930430667297,0.0971428739893194
R5_high_expansion_intermediate_friction,a150_mu030_g002,R5,8,cold,2761,0.05,139,0.4892086330935252,0.0972260081906401,0.0023663038334122,0.1993252250237832
R5_high_expansion_intermediate_friction,a150_mu030_g002,R5,8,cold,2761,0.1,277,0.4909747292418772,0.1625439019172271,0.0023663038334122,0.332345018547627
R5_high_expansion_intermediate_friction,a150_mu030_g002,R5,8,cold,2761,0.2,553,0.488245931283906,0.2608694494735423,0.0037860861334595,0.5349399569508397
R5_high_expansion_intermediate_friction,a150_mu030_g002,R5,8,cold,2761,0.4,1105,0.4886877828054298,0.3845013339987256,0.0070989115002366,0.7865220864611704
R5_high_expansion_intermediate_friction,a150_mu030_g002,R5,8,cold,2761,0.8,2209,0.488909008601177,0.4826432325422687,0.0132513014671083,0.984417460973641
R5_high_expansion_intermediate_friction,a150_mu030_g002,R5,8,cold,2761,1.0,2761,0.4983701557406736,0.4904391649727309,0.0217699952673923,0.9999999999999988
R5_high_expansion_intermediate_friction,a150_mu030_g002,R5,8,hot,28784,0.01,288,0.5034722222222222,0.0448085708134738,0.0078585461689587,0.0892393299235154
R5_high_expansion_intermediate_friction,a150_mu030_g002,R5,8,hot,28784,0.02,576,0.5086805555555556,0.0720049144170382,0.0179128625910089,0.1421088209937184
R5_high_expansion_intermediate_friction,a150_mu030_g002,R5,8,hot,28784,0.05,1440,0.5222222222222223,0.1317455529855776,0.0411418005316075,0.2545957615081251
R5_high_expansion_intermediate_friction,a150_mu030_g002,R5,8,hot,28784,0.1,2879,0.5279610976033345,0.2023245658651606,0.0919912169189876,0.3870772523539788
R5_high_expansion_intermediate_friction,a150_mu030_g002,R5,8,hot,28784,0.2,5757,0.5586242834809797,0.3113842731995068,0.2426903963943141,0.5727629064817842
R5_high_expansion_intermediate_friction,a150_mu030_g002,R5,8,hot,28784,0.4,11514,0.6116901163800591,0.4607266384548262,0.4641164913902693,0.7982159468723669
R5_high_expansion_intermediate_friction,a150_mu030_g002,R5,8,hot,28784,0.8,23028,0.6755688726767414,0.595101588786584,0.8236449786201318,0.982564966849106
R5_high_expansion_intermediate_friction,a150_mu030_g002,R5,8,hot,28784,1.0,28784,0.7040717065036132,0.609015458031021,0.959320466890096,0.9999999999999948
R5_high_expansion_intermediate_friction,a150_mu030_g002,R5,9,cold,2765,0.01,28,0.4642857142857143,0.023403774731763,0.0009398496240601,0.0499655840624201
R5_high_expansion_intermediate_friction,a150_mu030_g002,R5,9,cold,2765,0.02,56,0.5,0.0435872299828286,0.0014097744360902,0.0876987778450132
R5_high_expansion_intermediate_friction,a150_mu030_g002,R5,9,cold,2765,0.05,139,0.4820143884892086,0.0882081651678316,0.0014097744360902,0.1833302426733089
R5_high_expansion_intermediate_friction,a150_mu030_g002,R5,9,cold,2765,0.1,277,0.4801444043321299,0.14997414919599,0.0018796992481203,0.3124368847672182
R5_high_expansion_intermediate_friction,a150_mu030_g002,R5,9,cold,2765,0.2,553,0.4864376130198915,0.2485005980433115,0.0028195488721804,0.5117781722825716
R5_high_expansion_intermediate_friction,a150_mu030_g002,R5,9,cold,2765,0.4,1106,0.4909584086799277,0.3752253511142595,0.0042293233082706,0.7667885300550382
R5_high_expansion_intermediate_friction,a150_mu030_g002,R5,9,cold,2765,0.8,2212,0.4923146473779385,0.4809368692796473,0.0098684210526315,0.9818253007625412
R5_high_expansion_intermediate_friction,a150_mu030_g002,R5,9,cold,2765,1.0,2765,0.4990958408679927,0.4899285677731512,0.0183270676691729,0.9999999999999996
R5_high_expansion_intermediate_friction,a150_mu030_g002,R5,9,hot,23924,0.01,240,0.5083333333333333,0.0545326932410889,0.0061606702809265,0.1077797312947427
R5_high_expansion_intermediate_friction,a150_mu030_g002,R5,9,hot,23924,0.02,479,0.5198329853862212,0.0857812280677412,0.0203302119270576,0.1666603173698856
R5_high_expansion_intermediate_friction,a150_mu030_g002,R5,9,hot,23924,0.05,1197,0.5304928989139516,0.1484092671318967,0.0423854115327747,0.2829194519144819
R5_high_expansion_intermediate_friction,a150_mu030_g002,R5,9,hot,23924,0.1,2393,0.5248641872127037,0.2178761493835714,0.0763923114834894,0.4165719002102785
R5_high_expansion_intermediate_friction,a150_mu030_g002,R5,9,hot,23924,0.2,4785,0.5498432601880878,0.3218841068914352,0.1923361261705273,0.5978210655830479
R5_high_expansion_intermediate_friction,a150_mu030_g002,R5,9,hot,23924,0.4,9570,0.594148380355277,0.4570391743687164,0.4042631838344012,0.8104593178224128
R5_high_expansion_intermediate_friction,a150_mu030_g002,R5,9,hot,23924,0.8,19140,0.6468129571577848,0.5772708188062043,0.7497535731887629,0.9846255842762806
R5_high_expansion_intermediate_friction,a150_mu030_g002,R5,9,hot,23924,1.0,23924,0.671752215348604,0.5887333108302952,0.9128881222276984,0.9999999999999968
R5_high_expansion_intermediate_friction,a150_mu030_g002,R5,10,cold,3108,0.01,32,0.46875,0.0270101841409851,0.0008565310492505,0.0572988408000708
R5_high_expansion_intermediate_friction,a150_mu030_g002,R5,10,cold,3108,0.02,63,0.4761904761904761,0.0462476291702004,0.0012847965738758,0.0968738450471649
R5_high_expansion_intermediate_friction,a150_mu030_g002,R5,10,cold,3108,0.05,156,0.4807692307692308,0.0931646962765156,0.0012847965738758,0.1935712603200441
R5_high_expansion_intermediate_friction,a150_mu030_g002,R5,10,cold,3108,0.1,311,0.4823151125401929,0.1549461777871263,0.0012847965738758,0.3211128138489843
R5_high_expansion_intermediate_friction,a150_mu030_g002,R5,10,cold,3108,0.2,622,0.4855305466237942,0.2512225232435262,0.0042826552462526,0.5174468148461424
R5_high_expansion_intermediate_friction,a150_mu030_g002,R5,10,cold,3108,0.4,1244,0.4919614147909968,0.3792325944546931,0.0072805139186295,0.7741757831845567
R5_high_expansion_intermediate_friction,a150_mu030_g002,R5,10,cold,3108,0.8,2487,0.4889425010052272,0.4810320865718493,0.0543897216274089,0.9816642183406123
R5_high_expansion_intermediate_friction,a150_mu030_g002,R5,10,cold,3108,1.0,3108,0.4993564993564993,0.4904280067297697,0.0993576017130621,1.0
R5_high_expansion_intermediate_friction,a150_mu030_g002,R5,10,hot,27583,0.01,276,0.4927536231884058,0.0444371367382478,0.0092701243839474,0.089927323940482
R5_high_expansion_intermediate_friction,a150_mu030_g002,R5,10,hot,27583,0.02,552,0.5072463768115942,0.0728522658927224,0.020535085660643,0.1444468759899293
R5_high_expansion_intermediate_friction,a150_mu030_g002,R5,10,hot,27583,0.05,1380,0.5239130434782608,0.1338027871760798,0.041539544707815,0.2583586587409042
R5_high_expansion_intermediate_friction,a150_mu030_g002,R5,10,hot,27583,0.1,2759,0.53098948894527,0.2056055830672569,0.0834311194555268,0.3919062576516589
R5_high_expansion_intermediate_friction,a150_mu030_g002,R5,10,hot,27583,0.2,5517,0.5577306507159688,0.3145042248458451,0.2348040366111241,0.5788503593522909
R5_high_expansion_intermediate_friction,a150_mu030_g002,R5,10,hot,27583,0.4,11034,0.6073953235454052,0.4603601743087239,0.4523586012673081,0.8025475324526155
R5_high_expansion_intermediate_friction,a150_mu030_g002,R5,10,hot,27583,0.8,22067,0.6666968776906693,0.5900010156230128,0.8239849800516311,0.9833966985175916
R5_high_expansion_intermediate_friction,a150_mu030_g002,R5,10,hot,27583,1.0,27583,0.697386071130769,0.6032145482199995,0.9495423609481344,1.0000000000000138
R5_high_expansion_intermediate_friction,a150_mu030_g002,R5,11,cold,2775,0.01,28,0.4642857142857143,0.027580733229656,0.0009319664492078,0.059083722780642
R5_high_expansion_intermediate_friction,a150_mu030_g002,R5,11,cold,2775,0.02,56,0.4821428571428571,0.0499358511612262,0.0009319664492078,0.1036377556910209
R5_high_expansion_intermediate_friction,a150_mu030_g002,R5,11,cold,2775,0.05,139,0.4748201438848921,0.098147511568932,0.0009319664492078,0.2057903959319353
R5_high_expansion_intermediate_friction,a150_mu030_g002,R5,11,cold,2775,0.1,278,0.4964028776978417,0.1646379638040962,0.0013979496738117,0.334420730654972
R5_high_expansion_intermediate_friction,a150_mu030_g002,R5,11,cold,2775,0.2,555,0.4882882882882883,0.2569277842724439,0.0032618825722274,0.5273355217527887
R5_high_expansion_intermediate_friction,a150_mu030_g002,R5,11,cold,2775,0.4,1110,0.4882882882882883,0.3777547098381115,0.005125815470643,0.7737530015066314
R5_high_expansion_intermediate_friction,a150_mu030_g002,R5,11,cold,2775,0.8,2220,0.4878378378378378,0.4811518539775927,0.0135135135135135,0.9828900667009364
R5_high_expansion_intermediate_friction,a150_mu030_g002,R5,11,cold,2775,1.0,2775,0.4976576576576577,0.4896998404400619,0.015843429636533,1.0000000000000009
R5_high_expansion_intermediate_friction,a150_mu030_g002,R5,11,hot,24781,0.01,248,0.5120967741935484,0.0573233280508114,0.012131505519835,0.1126491601580827
R5_high_expansion_intermediate_friction,a150_mu030_g002,R5,11,hot,24781,0.02,496,0.5141129032258065,0.0855452842737305,0.0178333131141574,0.167255878836349
R5_high_expansion_intermediate_friction,a150_mu030_g002,R5,11,hot,24781,0.05,1240,0.5201612903225806,0.1453667807016426,0.0320271745723644,0.2812476074787667
R5_high_expansion_intermediate_friction,a150_mu030_g002,R5,11,hot,24781,0.1,2479,0.5227914481645825,0.2143229127884368,0.0725464030086133,0.4123702987438905
R5_high_expansion_intermediate_friction,a150_mu030_g002,R5,11,hot,24781,0.2,4957,0.5400443816824693,0.3138270237366209,0.2078126895547737,0.5911219526684522
R5_high_expansion_intermediate_friction,a150_mu030_g002,R5,11,hot,24781,0.4,9913,0.5842832644002824,0.4485106832393126,0.4239961179182336,0.8066746505928707
R5_high_expansion_intermediate_friction,a150_mu030_g002,R5,11,hot,24781,0.8,19825,0.6434804539722573,0.5712496501833473,0.8035909256338711,0.983370163908311
R5_high_expansion_intermediate_friction,a150_mu030_g002,R5,11,hot,24781,1.0,24781,0.6764860175134175,0.5842751451502227,0.9278175421569816,1.0000000000000009
R5_high_expansion_intermediate_friction,a150_mu030_g002,R5,12,cold,2502,0.01,26,0.4615384615384615,0.0280254671763431,0.0010136847440446,0.0602668979960922
R5_high_expansion_intermediate_friction,a150_mu030_g002,R5,12,cold,2502,0.02,51,0.4705882352941176,0.0490452741809285,0.0015205271160669,0.1038259123812995
R5_high_expansion_intermediate_friction,a150_mu030_g002,R5,12,cold,2502,0.05,126,0.4761904761904761,0.0990532417495476,0.0015205271160669,0.207170073131966
R5_high_expansion_intermediate_friction,a150_mu030_g002,R5,12,cold,2502,0.1,251,0.4780876494023904,0.1610814378292531,0.0015205271160669,0.3357233480616148
R5_high_expansion_intermediate_friction,a150_mu030_g002,R5,12,cold,2502,0.2,501,0.4930139720558882,0.2589384468593899,0.0020273694880892,0.5281645083914718
R5_high_expansion_intermediate_friction,a150_mu030_g002,R5,12,cold,2502,0.4,1001,0.4895104895104895,0.3793938232068476,0.0055752660922453,0.7767236869486517
R5_high_expansion_intermediate_friction,a150_mu030_g002,R5,12,cold,2502,0.8,2002,0.495004995004995,0.4825421326095552,0.0141915864166244,0.9832316015531484
R5_high_expansion_intermediate_friction,a150_mu030_g002,R5,12,cold,2502,1.0,2502,0.4980015987210232,0.4903440951343118,0.0207805372529143,1.0000000000000009
R5_high_expansion_intermediate_friction,a150_mu030_g002,R5,12,hot,24198,0.01,242,0.4958677685950413,0.0541441464191517,0.0062454077883908,0.1091367159331542
R5_high_expansion_intermediate_friction,a150_mu030_g002,R5,12,hot,24198,0.02,484,0.5165289256198347,0.088110125217301,0.0210629439137888,0.172222767331547
R5_high_expansion_intermediate_friction,a150_mu030_g002,R5,12,hot,24198,0.05,1210,0.5322314049586777,0.1542488193514453,0.0418809698750918,0.2941238153061979
R5_high_expansion_intermediate_friction,a150_mu030_g002,R5,12,hot,24198,0.1,2420,0.5318181818181819,0.2240763416029674,0.0674748959098702,0.4255811613767855
R5_high_expansion_intermediate_friction,a150_mu030_g002,R5,12,hot,24198,0.2,4840,0.5435950413223141,0.3218344759552243,0.192138133725202,0.601851543375834
R5_high_expansion_intermediate_friction,a150_mu030_g002,R5,12,hot,24198,0.4,9680,0.5783057851239669,0.4492173530311376,0.4179524859172177,0.8113488204659148
R5_high_expansion_intermediate_friction,a150_mu030_g002,R5,12,hot,24198,0.8,19359,0.6378428637842863,0.5681611372111753,0.8021062943913789,0.984374249198456
R5_high_expansion_intermediate_friction,a150_mu030_g002,R5,12,hot,24198,1.0,24198,0.6714604512769651,0.5804305514510426,0.9314229733039432,1.000000000000007
R5_high_expansion_intermediate_friction,a150_mu030_g002,R5,13,cold,2278,0.01,23,0.4782608695652174,0.0288700981813179,0.0010643959552953,0.0601253162879993
R5_high_expansion_intermediate_friction,a150_mu030_g002,R5,13,cold,2278,0.02,46,0.4565217391304347,0.0475430192915188,0.0010643959552953,0.1025947112467722
R5_high_expansion_intermediate_friction,a150_mu030_g002,R5,13,cold,2278,0.05,114,0.4736842105263157,0.0965404234853832,0.001596593932943,0.2027396061178353
R5_high_expansion_intermediate_friction,a150_mu030_g002,R5,13,cold,2278,0.1,228,0.4868421052631579,0.1639710348456915,0.0021287919105907,0.3374702353214769
R5_high_expansion_intermediate_friction,a150_mu030_g002,R5,13,cold,2278,0.2,456,0.4890350877192982,0.2591647801536936,0.0026609898882384,0.5309510302235914
R5_high_expansion_intermediate_friction,a150_mu030_g002,R5,13,cold,2278,0.4,912,0.4890350877192982,0.3791575136220901,0.0042575838211814,0.7763535131058148
R5_high_expansion_intermediate_friction,a150_mu030_g002,R5,13,cold,2278,0.8,1823,0.4904004388370817,0.4821156834531326,0.0079829696647152,0.9842133250456642
R5_high_expansion_intermediate_friction,a150_mu030_g002,R5,13,cold,2278,1.0,2278,0.4973661106233538,0.4899086631030875,0.0085151676423629,0.9999999999999952
R5_high_expansion_intermediate_friction,a150_mu030_g002,R5,13,hot,23426,0.01,235,0.4978723404255319,0.047095758660002,0.0075785356313409,0.0947811675224289
R5_high_expansion_intermediate_friction,a150_mu030_g002,R5,13,hot,23426,0.02,469,0.4968017057569296,0.0744932277767593,0.0143014301430143,0.1501322300257353
R5_high_expansion_intermediate_friction,a150_mu030_g002,R5,13,hot,23426,0.05,1172,0.5093856655290102,0.1339981585338541,0.025424764698692,0.2651884020321993
R5_high_expansion_intermediate_friction,a150_mu030_g002,R5,13,hot,23426,0.1,2343,0.5155783183952198,0.2047896542229061,0.0485270749297152,0.4010955564714265
R5_high_expansion_intermediate_friction,a150_mu030_g002,R5,13,hot,23426,0.2,4686,0.5234741784037559,0.3026338634431514,0.1801735729128468,0.5855106304819991
R5_high_expansion_intermediate_friction,a150_mu030_g002,R5,13,hot,23426,0.4,9371,0.5644008110126988,0.4346343623893314,0.4056961251680723,0.8046563945935141
R5_high_expansion_intermediate_friction,a150_mu030_g002,R5,13,hot,23426,0.8,18741,0.6250466890774238,0.555421714971197,0.7951350690624618,0.9841255603901784
R5_high_expansion_intermediate_friction,a150_mu030_g002,R5,13,hot,23426,1.0,23426,0.660462733714676,0.5676244406614396,0.9256814570345924,1.0000000000000018
R5_high_expansion_intermediate_friction,a150_mu030_g002,R5,14,cold,2000,0.01,20,0.5,0.0321990090770065,0.0011820330969267,0.0647333362668777
R5_high_expansion_intermediate_friction,a150_mu030_g002,R5,14,cold,2000,0.02,40,0.5,0.0548633428432756,0.0011820330969267,0.1104589581661698
R5_high_expansion_intermediate_friction,a150_mu030_g002,R5,14,cold,2000,0.05,100,0.48,0.1030621789143894,0.00177304964539,0.2142228645470459
R5_high_expansion_intermediate_friction,a150_mu030_g002,R5,14,cold,2000,0.1,200,0.49,0.1693551760390408,0.00177304964539,0.3468767713083541
R5_high_expansion_intermediate_friction,a150_mu030_g002,R5,14,cold,2000,0.2,400,0.4825,0.260667114901399,0.0023640661938534,0.538739870328
R5_high_expansion_intermediate_friction,a150_mu030_g002,R5,14,cold,2000,0.4,800,0.4875,0.3830814869437303,0.0035460992907801,0.7858885804722993
R5_high_expansion_intermediate_friction,a150_mu030_g002,R5,14,cold,2000,0.8,1600,0.489375,0.4826050127157136,0.0088652482269503,0.9858471304326714
R5_high_expansion_intermediate_friction,a150_mu030_g002,R5,14,cold,2000,1.0,2000,0.4955,0.4895956315635069,0.0118203309692671,0.999999999999998
R5_high_expansion_intermediate_friction,a150_mu030_g002,R5,14,hot,21475,0.01,215,0.4976744186046511,0.0524829482753047,0.0049044265593561,0.1056002350994057
R5_high_expansion_intermediate_friction,a150_mu030_g002,R5,14,hot,21475,0.02,430,0.4976744186046511,0.0861181292267846,0.0134557344064386,0.1731972957564074
R5_high_expansion_intermediate_friction,a150_mu030_g002,R5,14,hot,21475,0.05,1074,0.515828677839851,0.1553736893132649,0.0324446680080482,0.3041523604288347
R5_high_expansion_intermediate_friction,a150_mu030_g002,R5,14,hot,21475,0.1,2148,0.5302607076350093,0.2313512846704002,0.0614939637826961,0.4436083559210217
R5_high_expansion_intermediate_friction,a150_mu030_g002,R5,14,hot,21475,0.2,4295,0.5378346915017462,0.3276227775977856,0.124496981891348,0.6204507871278165
R5_high_expansion_intermediate_friction,a150_mu030_g002,R5,14,hot,21475,0.4,8590,0.5575087310826542,0.4442022504887193,0.3418008048289738,0.8232782015960085
R5_high_expansion_intermediate_friction,a150_mu030_g002,R5,14,hot,21475,0.8,17180,0.6059953434225844,0.5483516423002325,0.7755281690140845,0.9863231452238402
R5_high_expansion_intermediate_friction,a150_mu030_g002,R5,14,hot,21475,1.0,21475,0.6435855646100116,0.5588941147131067,0.8990191146881288,0.999999999999988
R5_high_expansion_intermediate_friction,a150_mu030_g002,R5,15,cold,1868,0.01,19,0.4736842105263157,0.0284676239698364,0.0012894906511927,0.0598752466023173
R5_high_expansion_intermediate_friction,a150_mu030_g002,R5,15,cold,1868,0.02,38,0.5,0.0503531355908591,0.0012894906511927,0.1014398633182025
R5_high_expansion_intermediate_friction,a150_mu030_g002,R5,15,cold,1868,0.05,94,0.4787234042553192,0.0960865950159788,0.0019342359767891,0.2000219077276526
R5_high_expansion_intermediate_friction,a150_mu030_g002,R5,15,cold,1868,0.1,187,0.4866310160427807,0.1619227704740777,0.0019342359767891,0.3330540686922285
R5_high_expansion_intermediate_friction,a150_mu030_g002,R5,15,cold,1868,0.2,374,0.4946524064171123,0.2613289945237966,0.0025789813023855,0.5317932490482953
R5_high_expansion_intermediate_friction,a150_mu030_g002,R5,15,cold,1868,0.4,748,0.4879679144385027,0.3809613831277844,0.0058027079303675,0.7798091132816748
R5_high_expansion_intermediate_friction,a150_mu030_g002,R5,15,cold,1868,0.8,1495,0.4916387959866221,0.4837317848188399,0.0096711798839458,0.9850611268460442
R5_high_expansion_intermediate_friction,a150_mu030_g002,R5,15,cold,1868,1.0,1868,0.4983940042826552,0.4912588692298308,0.0103159252095422,0.9999999999999974
R5_high_expansion_intermediate_friction,a150_mu030_g002,R5,15,hot,22955,0.01,230,0.4913043478260869,0.0415624858483516,0.0064516129032258,0.0844478323832235
R5_high_expansion_intermediate_friction,a150_mu030_g002,R5,15,hot,22955,0.02,460,0.4978260869565217,0.0689687018269631,0.0096774193548387,0.1387212710917095
R5_high_expansion_intermediate_friction,a150_mu030_g002,R5,15,hot,22955,0.05,1148,0.509581881533101,0.1301260656614414,0.0305210918114143,0.256851685464853
R5_high_expansion_intermediate_friction,a150_mu030_g002,R5,15,hot,22955,0.1,2296,0.5161149825783972,0.2025068121918905,0.0825062034739454,0.3956699549465722
R5_high_expansion_intermediate_friction,a150_mu030_g002,R5,15,hot,22955,0.2,4591,0.5388804182095404,0.3087365790817122,0.1751861042183622,0.584765763820646
R5_high_expansion_intermediate_friction,a150_mu030_g002,R5,15,hot,22955,0.4,9182,0.5720975822260945,0.4424436394103379,0.3712158808933002,0.8069997061143874
R5_high_expansion_intermediate_friction,a150_mu030_g002,R5,15,hot,22955,0.8,18364,0.6260618601611849,0.5605387961738,0.7759305210918114,0.9841856937201688
R5_high_expansion_intermediate_friction,a150_mu030_g002,R5,15,hot,22955,1.0,22955,0.660988891309083,0.5727670949608779,0.9133995037220844,0.9999999999999988
R5_high_expansion_intermediate_friction,a150_mu030_g002,R5,16,cold,1889,0.01,19,0.4736842105263157,0.0247904111799489,0.0012262415695892,0.05232736634394
R5_high_expansion_intermediate_friction,a150_mu030_g002,R5,16,cold,1889,0.02,38,0.4736842105263157,0.0456176920168695,0.0012262415695892,0.0962897227848462
R5_high_expansion_intermediate_friction,a150_mu030_g002,R5,16,cold,1889,0.05,95,0.4947368421052631,0.1010958498627716,0.0018393623543838,0.2055024624916653
R5_high_expansion_intermediate_friction,a150_mu030_g002,R5,16,cold,1889,0.1,189,0.492063492063492,0.1684626155243175,0.003065603923973,0.3438289445786402
R5_high_expansion_intermediate_friction,a150_mu030_g002,R5,16,cold,1889,0.2,378,0.4841269841269841,0.2594476319805786,0.0036787247087676,0.5346400400089494
R5_high_expansion_intermediate_friction,a150_mu030_g002,R5,16,cold,1889,0.4,756,0.4894179894179894,0.3808327694503715,0.0036787247087676,0.7794054311075685
R5_high_expansion_intermediate_friction,a150_mu030_g002,R5,16,cold,1889,0.8,1512,0.4927248677248677,0.482643385099171,0.0073574494175352,0.9845417438987168
R5_high_expansion_intermediate_friction,a150_mu030_g002,R5,16,cold,1889,1.0,1889,0.4976177871889888,0.4902034547303797,0.0073574494175352,0.9999999999999978
R5_high_expansion_intermediate_friction,a150_mu030_g002,R5,16,hot,22958,0.01,230,0.4956521739130435,0.0431622469653662,0.0049850448654037,0.0871596950360615
R5_high_expansion_intermediate_friction,a150_mu030_g002,R5,16,hot,22958,0.02,460,0.4956521739130435,0.0713257344770675,0.0133349950149551,0.1439903816150289
R5_high_expansion_intermediate_friction,a150_mu030_g002,R5,16,hot,22958,0.05,1148,0.5113240418118467,0.1337766118644898,0.0375124626121635,0.2638796425822482
R5_high_expansion_intermediate_friction,a150_mu030_g002,R5,16,hot,22958,0.1,2296,0.5200348432055749,0.2053442425154375,0.0839980059820538,0.3996547211584818
R5_high_expansion_intermediate_friction,a150_mu030_g002,R5,16,hot,22958,0.2,4592,0.5389808362369338,0.3081365821412873,0.1716101694915254,0.5841523708605155
R5_high_expansion_intermediate_friction,a150_mu030_g002,R5,16,hot,22958,0.4,9184,0.5743684668989547,0.4432409539325286,0.3823529411764705,0.8068491710387932
R5_high_expansion_intermediate_friction,a150_mu030_g002,R5,16,hot,22958,0.8,18367,0.6311319213807371,0.5642016562776005,0.7418993020937188,0.9844473065991322
R5_high_expansion_intermediate_friction,a150_mu030_g002,R5,16,hot,22958,1.0,22958,0.6637773325202544,0.5760703569735268,0.8956879361914257,1.000000000000003
R5_high_expansion_intermediate_friction,a150_mu030_g002,R5,17,cold,2083,0.01,21,0.4761904761904761,0.026520070113207,0.0011792452830188,0.0558185864725415
R5_high_expansion_intermediate_friction,a150_mu030_g002,R5,17,cold,2083,0.02,42,0.4761904761904761,0.047511575429876,0.0017688679245283,0.0998376002048117
R5_high_expansion_intermediate_friction,a150_mu030_g002,R5,17,cold,2083,0.05,105,0.4761904761904761,0.0982363428900667,0.0017688679245283,0.205761459167397
R5_high_expansion_intermediate_friction,a150_mu030_g002,R5,17,cold,2083,0.1,209,0.492822966507177,0.1682190433803903,0.0023584905660377,0.3428870714596679
R5_high_expansion_intermediate_friction,a150_mu030_g002,R5,17,cold,2083,0.2,417,0.4820143884892086,0.262175013941453,0.004127358490566,0.5414464721958848
R5_high_expansion_intermediate_friction,a150_mu030_g002,R5,17,cold,2083,0.4,834,0.486810551558753,0.38290732810738,0.0047169811320754,0.7843558210050549
R5_high_expansion_intermediate_friction,a150_mu030_g002,R5,17,cold,2083,0.8,1667,0.4925014997000599,0.4820524398022033,0.0076650943396226,0.982971279958776
R5_high_expansion_intermediate_friction,a150_mu030_g002,R5,17,cold,2083,1.0,2083,0.4968795007201152,0.4902709629237546,0.008254716981132,0.9999999999999992
R5_high_expansion_intermediate_friction,a150_mu030_g002,R5,17,hot,21548,0.01,216,0.4953703703703703,0.0391512093441783,0.0048950148138606,0.0791467790974894
R5_high_expansion_intermediate_friction,a150_mu030_g002,R5,17,hot,21548,0.02,431,0.494199535962877,0.0659725795853232,0.0085018678346,0.1335781056984755
R5_high_expansion_intermediate_friction,a150_mu030_g002,R5,17,hot,21548,0.05,1078,0.4981447124304267,0.1271445793252206,0.0342651036970243,0.2556563827527806
R5_high_expansion_intermediate_friction,a150_mu030_g002,R5,17,hot,21548,0.1,2155,0.5150812064965197,0.2022989600649357,0.0783202370217699,0.3971131915805366
R5_high_expansion_intermediate_friction,a150_mu030_g002,R5,17,hot,21548,0.2,4310,0.5424593967517402,0.3109530709104406,0.1735153935334278,0.5879536312330407
R5_high_expansion_intermediate_friction,a150_mu030_g002,R5,17,hot,21548,0.4,8620,0.5793503480278422,0.4467119859612772,0.3671261110395465,0.8096961947078432
R5_high_expansion_intermediate_friction,a150_mu030_g002,R5,17,hot,21548,0.8,17239,0.6270665351818551,0.5638765112311874,0.7271673322169264,0.9859602424897524
R5_high_expansion_intermediate_friction,a150_mu030_g002,R5,17,hot,21548,1.0,21548,0.6559309448672731,0.5743327818567833,0.8709261883292542,1.0000000000000169
R5_high_expansion_intermediate_friction,a150_mu030_g002,R5,18,cold,2078,0.01,21,0.4761904761904761,0.0257344974524653,0.0011983223487118,0.0539980291752663
R5_high_expansion_intermediate_friction,a150_mu030_g002,R5,18,cold,2078,0.02,42,0.4761904761904761,0.0456286495345726,0.0011983223487118,0.0957022640650476
R5_high_expansion_intermediate_friction,a150_mu030_g002,R5,18,cold,2078,0.05,104,0.4807692307692308,0.0937306752414109,0.0017974835230677,0.1946031855543656
R5_high_expansion_intermediate_friction,a150_mu030_g002,R5,18,cold,2078,0.1,208,0.4855769230769231,0.1575178507519241,0.0017974835230677,0.324643679324933
R5_high_expansion_intermediate_friction,a150_mu030_g002,R5,18,cold,2078,0.2,416,0.4903846153846153,0.2540725397529227,0.0029958058717795,0.5197395724992232
R5_high_expansion_intermediate_friction,a150_mu030_g002,R5,18,cold,2078,0.4,832,0.4939903846153846,0.3805976180202558,0.0053924505692031,0.7748032456809036
R5_high_expansion_intermediate_friction,a150_mu030_g002,R5,18,cold,2078,0.8,1663,0.4882742032471437,0.4815748767742879,0.0101857399640503,0.9828490754964788
R5_high_expansion_intermediate_friction,a150_mu030_g002,R5,18,cold,2078,1.0,2078,0.4971126082771896,0.4906367099119226,0.0125823846614739,1.0000000000000018
R5_high_expansion_intermediate_friction,a150_mu030_g002,R5,18,hot,16929,0.01,170,0.488235294117647,0.0485796206821668,0.0026881720430107,0.0994702799755859
R5_high_expansion_intermediate_friction,a150_mu030_g002,R5,18,hot,16929,0.02,339,0.495575221238938,0.0825557880789568,0.0048104131295981,0.1669084584621067
R5_high_expansion_intermediate_friction,a150_mu030_g002,R5,18,hot,16929,0.05,847,0.5171192443919717,0.1556335181750623,0.0329654782116581,0.3046467963638802
R5_high_expansion_intermediate_friction,a150_mu030_g002,R5,18,hot,16929,0.1,1693,0.5197873597164796,0.2320720028302018,0.0616864742501414,0.4513229976016336
R5_high_expansion_intermediate_friction,a150_mu030_g002,R5,18,hot,16929,0.2,3386,0.5327820437093916,0.3332127917201776,0.115874363327674,0.6371714139051201
R5_high_expansion_intermediate_friction,a150_mu030_g002,R5,18,hot,16929,0.4,6772,0.5484347312463084,0.4475112085379411,0.2792869269949066,0.8405819431142992
R5_high_expansion_intermediate_friction,a150_mu030_g002,R5,18,hot,16929,0.8,13544,0.5886001181334909,0.5388704973012243,0.608375778155065,0.9883196342620352
R5_high_expansion_intermediate_friction,a150_mu030_g002,R5,18,hot,16929,1.0,16929,0.6162797566306338,0.5469667267187452,0.738398415393322,1.0000000000000069
R5_high_expansion_intermediate_friction,a150_mu030_g002,R5,19,cold,2233,0.01,23,0.4782608695652174,0.0257475261405515,0.0011160714285714,0.053892664798909
R5_high_expansion_intermediate_friction,a150_mu030_g002,R5,19,cold,2233,0.02,45,0.4888888888888889,0.0456726896421733,0.0011160714285714,0.0938047270358585
R5_high_expansion_intermediate_friction,a150_mu030_g002,R5,19,cold,2233,0.05,112,0.5,0.0973056076789784,0.0016741071428571,0.1962240309320864
R5_high_expansion_intermediate_friction,a150_mu030_g002,R5,19,cold,2233,0.1,224,0.4910714285714285,0.1616639620348643,0.0016741071428571,0.3306869924652371
R5_high_expansion_intermediate_friction,a150_mu030_g002,R5,19,cold,2233,0.2,447,0.4921700223713646,0.259096232622911,0.0022321428571428,0.528666142044352
R5_high_expansion_intermediate_friction,a150_mu030_g002,R5,19,cold,2233,0.4,894,0.4910514541387024,0.3802708062725147,0.0027901785714285,0.7764613033995902
R5_high_expansion_intermediate_friction,a150_mu030_g002,R5,19,cold,2233,0.8,1787,0.4930050363738109,0.481549065974371,0.0106026785714285,0.981861383766112
R5_high_expansion_intermediate_friction,a150_mu030_g002,R5,19,cold,2233,1.0,2233,0.4993282579489476,0.490492953421365,0.0128348214285714,1.0000000000000009
R5_high_expansion_intermediate_friction,a150_mu030_g002,R5,19,hot,20419,0.01,205,0.4975609756097561,0.0454205544978029,0.002098085496984,0.0914735068118105
R5_high_expansion_intermediate_friction,a150_mu030_g002,R5,19,hot,20419,0.02,409,0.4889975550122249,0.0731302435379901,0.004982953055337,0.1490620615707805
R5_high_expansion_intermediate_friction,a150_mu030_g002,R5,19,hot,20419,0.05,1021,0.5024485798237023,0.1368964087343145,0.0205874639391555,0.2732409289449212
R5_high_expansion_intermediate_friction,a150_mu030_g002,R5,19,hot,20419,0.1,2042,0.5205680705190989,0.2125429145843051,0.067400996590611,0.4138865130965566
R5_high_expansion_intermediate_friction,a150_mu030_g002,R5,19,hot,20419,0.2,4084,0.5396669931439765,0.31795344642417,0.1544715447154471,0.6032105729692164
R5_high_expansion_intermediate_friction,a150_mu030_g002,R5,19,hot,20419,0.4,8168,0.5689275220372184,0.4464964906247322,0.3373983739837398,0.8191596016408361
R5_high_expansion_intermediate_friction,a150_mu030_g002,R5,19,hot,20419,0.8,16336,0.6164299706170421,0.5558098748443332,0.6959087332808812,0.9860233119543168
R5_high_expansion_intermediate_friction,a150_mu030_g002,R5,19,hot,20419,1.0,20419,0.6459180175326902,0.5661345160371615,0.8536585365853658,1.0000000000000022
R5_high_expansion_intermediate_friction,a150_mu030_g002,R5,20,cold,2108,0.01,22,0.4545454545454545,0.026021922772582,0.0011527377521613,0.0568208027360898
R5_high_expansion_intermediate_friction,a150_mu030_g002,R5,20,cold,2108,0.02,43,0.4883720930232558,0.0478809249360219,0.0011527377521613,0.0986134194155354
R5_high_expansion_intermediate_friction,a150_mu030_g002,R5,20,cold,2108,0.05,106,0.4811320754716981,0.0961762767265821,0.001729106628242,0.1998414910372924
R5_high_expansion_intermediate_friction,a150_mu030_g002,R5,20,cold,2108,0.1,211,0.4976303317535545,0.1647815585383324,0.0023054755043227,0.3337330502181963
R5_high_expansion_intermediate_friction,a150_mu030_g002,R5,20,cold,2108,0.2,422,0.490521327014218,0.2608867353057804,0.0023054755043227,0.5332511250308926
R5_high_expansion_intermediate_friction,a150_mu030_g002,R5,20,cold,2108,0.4,844,0.4928909952606635,0.3847278780307753,0.0040345821325648,0.7835960935773096
R5_high_expansion_intermediate_friction,a150_mu030_g002,R5,20,cold,2108,0.8,1687,0.4908120924718435,0.4815081668585289,0.0063400576368876,0.9817360950008652
R5_high_expansion_intermediate_friction,a150_mu030_g002,R5,20,cold,2108,1.0,2108,0.4962049335863377,0.4904171252461227,0.0121037463976945,1.0000000000000042
R5_high_expansion_intermediate_friction,a150_mu030_g002,R5,20,hot,16165,0.01,162,0.4938271604938271,0.0653223013396803,0.0071849403649949,0.1321367834048948
R5_high_expansion_intermediate_friction,a150_mu030_g002,R5,20,hot,16165,0.02,324,0.5,0.1018416041168873,0.0132202902715907,0.2039700438886514
R5_high_expansion_intermediate_friction,a150_mu030_g002,R5,20,hot,16165,0.05,809,0.5203955500618047,0.1763615689894778,0.0307515447621784,0.3440940129590764
R5_high_expansion_intermediate_friction,a150_mu030_g002,R5,20,hot,16165,0.1,1617,0.5306122448979592,0.2543412410337834,0.0597787038367581,0.4882717627874872
R5_high_expansion_intermediate_friction,a150_mu030_g002,R5,20,hot,16165,0.2,3233,0.5372718836993504,0.3507629137925515,0.1130909613450208,0.6648448184369399
R5_high_expansion_intermediate_friction,a150_mu030_g002,R5,20,hot,16165,0.4,6466,0.5463965357253325,0.4561417967273741,0.2562149734157206,0.8550489390220601
R5_high_expansion_intermediate_friction,a150_mu030_g002,R5,20,hot,16165,0.8,12932,0.574930405196412,0.5367318093005455,0.5907457968098865,0.9902693526905858
R5_high_expansion_intermediate_friction,a150_mu030_g002,R5,20,hot,16165,1.0,16165,0.6032786885245902,0.5433345060580457,0.7664894381376635,0.9999999999999885
R5_high_expansion_intermediate_friction,a150_mu030_g002,R5,21,cold,2041,0.01,21,0.4761904761904761,0.0266464596884214,0.0012012012012012,0.0561104606700667
R5_high_expansion_intermediate_friction,a150_mu030_g002,R5,21,cold,2041,0.02,41,0.4878048780487805,0.0483892481531892,0.0018018018018018,0.0994460285568848
R5_high_expansion_intermediate_friction,a150_mu030_g002,R5,21,cold,2041,0.05,103,0.4854368932038835,0.0993887070304006,0.0024024024024024,0.2049301881589525
R5_high_expansion_intermediate_friction,a150_mu030_g002,R5,21,cold,2041,0.1,205,0.4829268292682926,0.1621922417742869,0.0024024024024024,0.3353489794138342
R5_high_expansion_intermediate_friction,a150_mu030_g002,R5,21,cold,2041,0.2,409,0.4889975550122249,0.2582867288850138,0.0036036036036036,0.5295978513128636
R5_high_expansion_intermediate_friction,a150_mu030_g002,R5,21,cold,2041,0.4,817,0.4920440636474908,0.380139811426275,0.0048048048048048,0.7755165115414466
R5_high_expansion_intermediate_friction,a150_mu030_g002,R5,21,cold,2041,0.8,1633,0.4917330067360685,0.4813956576029037,0.0072072072072072,0.9811360302940896
R5_high_expansion_intermediate_friction,a150_mu030_g002,R5,21,cold,2041,1.0,2041,0.4973052425281725,0.4910562841242777,0.0126126126126126,0.999999999999996
R5_high_expansion_intermediate_friction,a150_mu030_g002,R5,21,hot,21928,0.01,220,0.5045454545454545,0.0532848120184938,0.0029555384219994,0.1059174602914481
R5_high_expansion_intermediate_friction,a150_mu030_g002,R5,21,hot,21928,0.02,439,0.5079726651480638,0.0866332783867817,0.0092521202775636,0.1708879785942655
R5_high_expansion_intermediate_friction,a150_mu030_g002,R5,21,hot,21928,0.05,1097,0.528714676390155,0.158767655778857,0.0458750963762528,0.3037118541370268
R5_high_expansion_intermediate_friction,a150_mu030_g002,R5,21,hot,21928,0.1,2193,0.5403556771545828,0.2372695520191744,0.0857106142379851,0.4458784363407061
R5_high_expansion_intermediate_friction,a150_mu030_g002,R5,21,hot,21928,0.2,4386,0.5554035567715458,0.3408203457729276,0.1592135697764071,0.627357750448244
R5_high_expansion_intermediate_friction,a150_mu030_g002,R5,21,hot,21928,0.4,8772,0.5744414044687642,0.4602545504463289,0.3545361089694166,0.8291093995779462
R5_high_expansion_intermediate_friction,a150_mu030_g002,R5,21,hot,21928,0.8,17543,0.6266317049535427,0.565203272175249,0.7490362374710872,0.9867516428757648
R5_high_expansion_intermediate_friction,a150_mu030_g002,R5,21,hot,21928,1.0,21928,0.6606165632980664,0.5753701645201,0.8847340015420201,1.0
R5_high_expansion_intermediate_friction,a150_mu030_g002,R5,22,cold,1937,0.01,20,0.5,0.0301291284579065,0.0012345679012345,0.0606900229912278
R5_high_expansion_intermediate_friction,a150_mu030_g002,R5,22,cold,1937,0.02,39,0.4615384615384615,0.0474609919114458,0.0012345679012345,0.1014778969623698
R5_high_expansion_intermediate_friction,a150_mu030_g002,R5,22,cold,1937,0.05,97,0.4742268041237113,0.0943545342908415,0.0012345679012345,0.1977858497492922
R5_high_expansion_intermediate_friction,a150_mu030_g002,R5,22,cold,1937,0.1,194,0.4845360824742268,0.1576582591207237,0.0018518518518518,0.3254667559403609
R5_high_expansion_intermediate_friction,a150_mu030_g002,R5,22,cold,1937,0.2,388,0.4948453608247423,0.2588967971635894,0.0024691358024691,0.5263931931150674
R5_high_expansion_intermediate_friction,a150_mu030_g002,R5,22,cold,1937,0.4,775,0.4890322580645161,0.3813414039549033,0.0043209876543209,0.7803212495754824
R5_high_expansion_intermediate_friction,a150_mu030_g002,R5,22,cold,1937,0.8,1550,0.4909677419354838,0.4818526501550594,0.0148148148148148,0.9830701990813628
R5_high_expansion_intermediate_friction,a150_mu030_g002,R5,22,cold,1937,1.0,1937,0.4976768198244708,0.4902657837532895,0.0228395061728395,0.9999999999999984
R5_high_expansion_intermediate_friction,a150_mu030_g002,R5,22,hot,15955,0.01,160,0.5,0.0645548682615871,0.0068106071583828,0.1288016761963151
R5_high_expansion_intermediate_friction,a150_mu030_g002,R5,22,hot,15955,0.02,320,0.50625,0.1025761413444725,0.0092740182582234,0.2031190844021963
R5_high_expansion_intermediate_friction,a150_mu030_g002,R5,22,hot,15955,0.05,798,0.525062656641604,0.1795135711261135,0.037530792638748,0.3465562945972634
R5_high_expansion_intermediate_friction,a150_mu030_g002,R5,22,hot,15955,0.1,1596,0.5338345864661654,0.2591375654940553,0.0623098101724387,0.4930003353818639
R5_high_expansion_intermediate_friction,a150_mu030_g002,R5,22,hot,15955,0.2,3191,0.5462237543089941,0.3571543082070513,0.1225909288508911,0.6685613622333118
R5_high_expansion_intermediate_friction,a150_mu030_g002,R5,22,hot,15955,0.4,6382,0.5548417424005014,0.4616546542064388,0.2456165773076365,0.8541418025076177
R5_high_expansion_intermediate_friction,a150_mu030_g002,R5,22,hot,15955,0.8,12764,0.5766217486681291,0.5413763634278961,0.5841182437327923,0.9897973924847951
R5_high_expansion_intermediate_friction,a150_mu030_g002,R5,22,hot,15955,1.0,15955,0.6037605766217486,0.5482625243744761,0.7427908998695841,1.000000000000006
R5_high_expansion_intermediate_friction,a150_mu030_g002,R5,23,cold,2421,0.01,25,0.48,0.0257285759777919,0.001039501039501,0.0540254240681084
R5_high_expansion_intermediate_friction,a150_mu030_g002,R5,23,cold,2421,0.02,49,0.4897959183673469,0.0456512936434803,0.0015592515592515,0.0940894417755187
R5_high_expansion_intermediate_friction,a150_mu030_g002,R5,23,cold,2421,0.05,122,0.4918032786885246,0.0956905728307791,0.0015592515592515,0.1962231787583072
R5_high_expansion_intermediate_friction,a150_mu030_g002,R5,23,cold,2421,0.1,243,0.4897119341563786,0.1604277422969899,0.002079002079002,0.329286394612348
R5_high_expansion_intermediate_friction,a150_mu030_g002,R5,23,cold,2421,0.2,485,0.490721649484536,0.2568190976592168,0.0031185031185031,0.5260684815033535
R5_high_expansion_intermediate_friction,a150_mu030_g002,R5,23,cold,2421,0.4,969,0.4901960784313725,0.3795666213296567,0.0031185031185031,0.776318172850193
R5_high_expansion_intermediate_friction,a150_mu030_g002,R5,23,cold,2421,0.8,1937,0.4909654104284977,0.4817478012821179,0.015072765072765,0.9825591869345268
R5_high_expansion_intermediate_friction,a150_mu030_g002,R5,23,cold,2421,1.0,2421,0.4973151590251962,0.4901975344222382,0.0181912681912681,1.0000000000000009
R5_high_expansion_intermediate_friction,a150_mu030_g002,R5,23,hot,22317,0.01,224,0.5044642857142857,0.0523444289990244,0.0034434383369468,0.1040761176184905
R5_high_expansion_intermediate_friction,a150_mu030_g002,R5,23,hot,22317,0.02,447,0.5123042505592841,0.0859925930574199,0.0084172937125366,0.1689518316252224
R5_high_expansion_intermediate_friction,a150_mu030_g002,R5,23,hot,22317,0.05,1116,0.5295698924731183,0.157466947421256,0.0461675806657314,0.3016411998681898
R5_high_expansion_intermediate_friction,a150_mu030_g002,R5,23,hot,22317,0.1,2232,0.5474910394265233,0.236257630704627,0.0844280066318071,0.4409948603268311
R5_high_expansion_intermediate_friction,a150_mu030_g002,R5,23,hot,22317,0.2,4464,0.555331541218638,0.3350499317921195,0.1577604897334523,0.6164600766464575
R5_high_expansion_intermediate_friction,a150_mu030_g002,R5,23,hot,22317,0.4,8927,0.5685000560098578,0.4513169234860096,0.3326106363984186,0.8175865913594665
R5_high_expansion_intermediate_friction,a150_mu030_g002,R5,23,hot,22317,0.8,17854,0.6254620813263134,0.5615054501167885,0.7683968881520215,0.9839611854072304
R5_high_expansion_intermediate_friction,a150_mu030_g002,R5,23,hot,22317,1.0,22317,0.6639333243715553,0.5742028473494127,0.8894273689580411,0.9999999999999916
R5_high_expansion_intermediate_friction,a150_mu030_g002,R5,24,cold,1973,0.01,20,0.45,0.0291273016957245,0.001817080557238,0.0635121902000006
R5_high_expansion_intermediate_friction,a150_mu030_g002,R5,24,cold,1973,0.02,40,0.475,0.0499752506556192,0.001817080557238,0.1051323650367318
R5_high_expansion_intermediate_friction,a150_mu030_g002,R5,24,cold,1973,0.05,99,0.4848484848484848,0.0995799671727243,0.001817080557238,0.2062180006667293
R5_high_expansion_intermediate_friction,a150_mu030_g002,R5,24,cold,1973,0.1,198,0.4797979797979798,0.1639621783283094,0.001817080557238,0.3410759144576379
R5_high_expansion_intermediate_friction,a150_mu030_g002,R5,24,cold,1973,0.2,395,0.4911392405063291,0.2622718756845905,0.0030284675953967,0.5365882537246499
R5_high_expansion_intermediate_friction,a150_mu030_g002,R5,24,cold,1973,0.4,790,0.4886075949367088,0.3821897959334363,0.0060569351907934,0.783265579122228
R5_high_expansion_intermediate_friction,a150_mu030_g002,R5,24,cold,1973,0.8,1579,0.4895503483217226,0.4813299376378126,0.0102967898243488,0.9833298156624712
R5_high_expansion_intermediate_friction,a150_mu030_g002,R5,24,cold,1973,1.0,1973,0.4956918398378104,0.4893889770401155,0.0115081768625075,1.000000000000001
R5_high_expansion_intermediate_friction,a150_mu030_g002,R5,24,hot,11016,0.01,111,0.4954954954954955,0.0553388403801038,0.0029044934221766,0.1120968857290642
R5_high_expansion_intermediate_friction,a150_mu030_g002,R5,24,hot,11016,0.02,221,0.4932126696832579,0.0897414024038391,0.0073466598325644,0.1822224401821382
R5_high_expansion_intermediate_friction,a150_mu030_g002,R5,24,hot,11016,0.05,551,0.5009074410163339,0.1626277178339384,0.0223816846061848,0.3265893646500971
R5_high_expansion_intermediate_friction,a150_mu030_g002,R5,24,hot,11016,0.1,1102,0.5136116152450091,0.2436634585567747,0.0451050743208611,0.4812551213888225
R5_high_expansion_intermediate_friction,a150_mu030_g002,R5,24,hot,11016,0.2,2204,0.5245009074410163,0.3436954040906296,0.0770545019648043,0.6677894158358827
R5_high_expansion_intermediate_friction,a150_mu030_g002,R5,24,hot,11016,0.4,4407,0.5221238938053098,0.4431679595375916,0.1554758243635742,0.8601809042106086
R5_high_expansion_intermediate_friction,a150_mu030_g002,R5,24,hot,11016,0.8,8813,0.528196981731533,0.5124693260322306,0.383563984281565,0.991148112700186
R5_high_expansion_intermediate_friction,a150_mu030_g002,R5,24,hot,11016,1.0,11016,0.5514705882352942,0.5177558999427144,0.5069195284469503,1.0000000000000044
R5_high_expansion_intermediate_friction,a150_mu030_g002,R5,25,cold,3202,0.01,33,0.4545454545454545,0.0233576590792901,0.0008271298593879,0.0510732519337487
R5_high_expansion_intermediate_friction,a150_mu030_g002,R5,25,cold,3202,0.02,65,0.4769230769230769,0.0431346753364654,0.0012406947890818,0.09045947183426
R5_high_expansion_intermediate_friction,a150_mu030_g002,R5,25,cold,3202,0.05,161,0.4782608695652174,0.0906622709885111,0.0012406947890818,0.1895570816170674
R5_high_expansion_intermediate_friction,a150_mu030_g002,R5,25,cold,3202,0.1,321,0.4797507788161994,0.1539552022231982,0.0028949545078577,0.3205021992050775
R5_high_expansion_intermediate_friction,a150_mu030_g002,R5,25,cold,3202,0.2,641,0.4914196567862715,0.2536525674376871,0.0028949545078577,0.5186026883871725
R5_high_expansion_intermediate_friction,a150_mu030_g002,R5,25,cold,3202,0.4,1281,0.4910226385636221,0.3790290810303098,0.0053763440860215,0.7740448984114761
R5_high_expansion_intermediate_friction,a150_mu030_g002,R5,25,cold,3202,0.8,2562,0.4894613583138173,0.4804789190960881,0.0132340777502067,0.981595993901644
R5_high_expansion_intermediate_friction,a150_mu030_g002,R5,25,cold,3202,1.0,3202,0.4975015615240474,0.4897071143383174,0.0268817204301075,0.9999999999999972
R5_high_expansion_intermediate_friction,a150_mu030_g002,R5,25,hot,21055,0.01,211,0.5023696682464455,0.0542603872986212,0.009078947368421,0.10823493706394
R5_high_expansion_intermediate_friction,a150_mu030_g002,R5,25,hot,21055,0.02,422,0.5379146919431279,0.0908913719270555,0.0197368421052631,0.1724472360383947
R5_high_expansion_intermediate_friction,a150_mu030_g002,R5,25,hot,21055,0.05,1053,0.5318138651471985,0.1545237371158977,0.0371052631578947,0.2930280430441221
R5_high_expansion_intermediate_friction,a150_mu030_g002,R5,25,hot,21055,0.1,2106,0.52659069325736,0.2212513596326742,0.0597368421052631,0.4210497131441736
R5_high_expansion_intermediate_friction,a150_mu030_g002,R5,25,hot,21055,0.2,4211,0.5276656376157682,0.3127763729759625,0.1010526315789473,0.5943478119656258
R5_high_expansion_intermediate_friction,a150_mu030_g002,R5,25,hot,21055,0.4,8422,0.5470197102825932,0.4321414182209241,0.3493421052631579,0.8065329300366537
R5_high_expansion_intermediate_friction,a150_mu030_g002,R5,25,hot,21055,0.8,16844,0.6149370695796723,0.549607299494744,0.776578947368421,0.9835998179392964
R5_high_expansion_intermediate_friction,a150_mu030_g002,R5,25,hot,21055,1.0,21055,0.6539539301828544,0.5624390371906157,0.891578947368421,0.999999999999989
R5_high_expansion_intermediate_friction,a150_mu030_g002,R5,26,cold,2174,0.01,22,0.4090909090909091,0.0274324788552062,0.0011554015020219,0.0640593453521761
R5_high_expansion_intermediate_friction,a150_mu030_g002,R5,26,cold,2174,0.02,44,0.4772727272727273,0.0529021801548474,0.0011554015020219,0.1104912610082769
R5_high_expansion_intermediate_friction,a150_mu030_g002,R5,26,cold,2174,0.05,109,0.4770642201834862,0.1049049460027551,0.0017331022530329,0.218855030143816
R5_high_expansion_intermediate_friction,a150_mu030_g002,R5,26,cold,2174,0.1,218,0.481651376146789,0.1710344514569018,0.0017331022530329,0.3541840514803889
R5_high_expansion_intermediate_friction,a150_mu030_g002,R5,26,cold,2174,0.2,435,0.4919540229885057,0.2698172333045429,0.0017331022530329,0.5507008400044316
R5_high_expansion_intermediate_friction,a150_mu030_g002,R5,26,cold,2174,0.4,870,0.4873563218390804,0.3859116884129892,0.0028885037550548,0.7906563582805806
R5_high_expansion_intermediate_friction,a150_mu030_g002,R5,26,cold,2174,0.8,1740,0.4879310344827586,0.4810242029780626,0.0092432120161756,0.9831680498709088
R5_high_expansion_intermediate_friction,a150_mu030_g002,R5,26,cold,2174,1.0,2174,0.4990800367985281,0.4896260291325887,0.0132871172732524,0.9999999999999986
R5_high_expansion_intermediate_friction,a150_mu030_g002,R5,26,hot,6879,0.01,69,0.4927536231884058,0.0691805341492986,0.0008833922261484,0.1409868002267871
R5_high_expansion_intermediate_friction,a150_mu030_g002,R5,26,hot,6879,0.02,138,0.4855072463768116,0.1001930390890298,0.0017667844522968,0.2057578858185131
R5_high_expansion_intermediate_friction,a150_mu030_g002,R5,26,hot,6879,0.05,344,0.4854651162790697,0.161588218595722,0.002208480565371,0.3316577258050939
R5_high_expansion_intermediate_friction,a150_mu030_g002,R5,26,hot,6879,0.1,688,0.4912790697674418,0.2330848993693588,0.004416961130742,0.4755240262454362
R5_high_expansion_intermediate_friction,a150_mu030_g002,R5,26,hot,6879,0.2,1376,0.4905523255813953,0.3245669586372546,0.0207597173144876,0.6623695360106425
R5_high_expansion_intermediate_friction,a150_mu030_g002,R5,26,hot,6879,0.4,2752,0.4992732558139535,0.4243515751934283,0.0817137809187279,0.8582542529061846
R5_high_expansion_intermediate_friction,a150_mu030_g002,R5,26,hot,6879,0.8,5504,0.4998183139534883,0.4903688281907747,0.1764575971731448,0.9906980562726738
R5_high_expansion_intermediate_friction,a150_mu030_g002,R5,26,hot,6879,1.0,6879,0.5153365314725977,0.4953777792192919,0.254416961130742,0.9999999999999916
R5_high_expansion_intermediate_friction,a150_mu030_g002,R5,27,cold,4229,0.01,43,0.4651162790697674,0.024307808217705,0.0006946856547412,0.0520069393872643
R5_high_expansion_intermediate_friction,a150_mu030_g002,R5,27,cold,4229,0.02,85,0.4823529411764706,0.043631164801256,0.0013893713094824,0.0903965724789561
R5_high_expansion_intermediate_friction,a150_mu030_g002,R5,27,cold,4229,0.05,212,0.4669811320754717,0.087595682053765,0.0013893713094824,0.186238557054694
R5_high_expansion_intermediate_friction,a150_mu030_g002,R5,27,cold,4229,0.1,423,0.4869976359338061,0.1531897037846884,0.0020840569642236,0.3151154966191909
R5_high_expansion_intermediate_friction,a150_mu030_g002,R5,27,cold,4229,0.2,846,0.4929078014184397,0.2510382514470589,0.0038207711010767,0.511600043423424
R5_high_expansion_intermediate_friction,a150_mu030_g002,R5,27,cold,4229,0.4,1692,0.491725768321513,0.3738946010322727,0.0100729419937478,0.7621106621210196
R5_high_expansion_intermediate_friction,a150_mu030_g002,R5,27,cold,4229,0.8,3384,0.4967494089834515,0.4833098069355371,0.0479333101771448,0.980342352866982
R5_high_expansion_intermediate_friction,a150_mu030_g002,R5,27,cold,4229,1.0,4229,0.5043745566327738,0.4932325629556651,0.0951719346995484,1.0000000000000009
R5_high_expansion_intermediate_friction,a150_mu030_g002,R5,27,hot,20581,0.01,206,0.4902912621359223,0.0425435859332857,0.0048426150121065,0.0864683868203433
R5_high_expansion_intermediate_friction,a150_mu030_g002,R5,27,hot,20581,0.02,412,0.5024271844660194,0.0695884666950941,0.0095507129405434,0.1390769146233831
R5_high_expansion_intermediate_friction,a150_mu030_g002,R5,27,hot,20581,0.05,1030,0.5077669902912622,0.1262534377042854,0.0270379338175948,0.2500392523038746
R5_high_expansion_intermediate_friction,a150_mu030_g002,R5,27,hot,20581,0.1,2059,0.5148130160271976,0.1937812010687007,0.0531342480495022,0.3796348603288432
R5_high_expansion_intermediate_friction,a150_mu030_g002,R5,27,hot,20581,0.2,4117,0.5171241195044936,0.2872459694992982,0.0929513048157116,0.5596064011341836
R5_high_expansion_intermediate_friction,a150_mu030_g002,R5,27,hot,20581,0.4,8233,0.5399004008259444,0.4133843035778927,0.3428840462738768,0.7848955028129104
R5_high_expansion_intermediate_friction,a150_mu030_g002,R5,27,hot,20581,0.8,16465,0.6136653507440024,0.5443082876232043,0.7680925477535647,0.9807535890483569
R5_high_expansion_intermediate_friction,a150_mu030_g002,R5,27,hot,20581,1.0,20581,0.6554103299159418,0.5597282375757677,0.8813559322033898,1.0000000000000036
R5_high_expansion_intermediate_friction,a150_mu030_g002,R5,28,cold,2096,0.01,21,0.4761904761904761,0.0292043957113698,0.0011933174224343,0.0613558287637752
R5_high_expansion_intermediate_friction,a150_mu030_g002,R5,28,cold,2096,0.02,42,0.4523809523809524,0.0485270119955805,0.0011933174224343,0.105761428142886
R5_high_expansion_intermediate_friction,a150_mu030_g002,R5,28,cold,2096,0.05,105,0.4761904761904761,0.1010473029372658,0.0017899761336515,0.2110991539956375
R5_high_expansion_intermediate_friction,a150_mu030_g002,R5,28,cold,2096,0.1,210,0.4904761904761904,0.1670366980222195,0.0017899761336515,0.341966494233875
R5_high_expansion_intermediate_friction,a150_mu030_g002,R5,28,cold,2096,0.2,420,0.4880952380952381,0.261888181532462,0.0023866348448687,0.5379861822010588
R5_high_expansion_intermediate_friction,a150_mu030_g002,R5,28,cold,2096,0.4,839,0.4922526817640048,0.3852466207544117,0.0053699284009546,0.7866836728614953
R5_high_expansion_intermediate_friction,a150_mu030_g002,R5,28,cold,2096,0.8,1677,0.4895646988670245,0.4816049300753727,0.0107398568019093,0.9845968294034178
R5_high_expansion_intermediate_friction,a150_mu030_g002,R5,28,cold,2096,1.0,2096,0.4952290076335878,0.488934821839381,0.0155131264916467,0.9999999999999968
R5_high_expansion_intermediate_friction,a150_mu030_g002,R5,28,hot,6877,0.01,69,0.4782608695652174,0.0525125898045213,0.0011066843736166,0.1089028256850805
R5_high_expansion_intermediate_friction,a150_mu030_g002,R5,28,hot,6877,0.02,138,0.4927536231884058,0.081216545961689,0.0013280212483399,0.1655982242978913
R5_high_expansion_intermediate_friction,a150_mu030_g002,R5,28,hot,6877,0.05,344,0.4854651162790697,0.1427426221422792,0.0048694112439132,0.2936872240847176
R5_high_expansion_intermediate_friction,a150_mu030_g002,R5,28,hot,6877,0.1,688,0.4883720930232558,0.2147021167798633,0.0059760956175298,0.4392788533257626
R5_high_expansion_intermediate_friction,a150_mu030_g002,R5,28,hot,6877,0.2,1376,0.4978197674418604,0.3096958146100126,0.0232403718459495,0.6268709773778647
R5_high_expansion_intermediate_friction,a150_mu030_g002,R5,28,hot,6877,0.4,2751,0.4965467102871683,0.41444565254464,0.0462594068171757,0.8387617115725804
R5_high_expansion_intermediate_friction,a150_mu030_g002,R5,28,hot,6877,0.8,5502,0.4990912395492548,0.4901067365903456,0.1812749003984063,0.9891351418579564
R5_high_expansion_intermediate_friction,a150_mu030_g002,R5,28,hot,6877,1.0,6877,0.5153409917115022,0.4960781767206458,0.2310756972111553,1.000000000000001
R5_high_expansion_intermediate_friction,a150_mu030_g002,R5,29,cold,3344,0.01,34,0.4705882352941176,0.0240590072245248,0.0012371134020618,0.0510866021973207
R5_high_expansion_intermediate_friction,a150_mu030_g002,R5,29,cold,3344,0.02,67,0.4776119402985074,0.0435587824833514,0.0012371134020618,0.0910770172005924
R5_high_expansion_intermediate_friction,a150_mu030_g002,R5,29,cold,3344,0.05,168,0.4880952380952381,0.0911429984178444,0.0016494845360824,0.1872920308814212
R5_high_expansion_intermediate_friction,a150_mu030_g002,R5,29,cold,3344,0.1,335,0.4865671641791044,0.153230473841827,0.0024742268041237,0.3154327854255921
R5_high_expansion_intermediate_friction,a150_mu030_g002,R5,29,cold,3344,0.2,669,0.4902840059790732,0.2495042426155731,0.005360824742268,0.5103433487644355
R5_high_expansion_intermediate_friction,a150_mu030_g002,R5,29,cold,3344,0.4,1338,0.4910313901345291,0.374064396476478,0.0164948453608247,0.7630124780900019
R5_high_expansion_intermediate_friction,a150_mu030_g002,R5,29,cold,3344,0.8,2676,0.4955156950672645,0.482889310503215,0.0375257731958762,0.9809104051894262
R5_high_expansion_intermediate_friction,a150_mu030_g002,R5,29,cold,3344,1.0,3344,0.5023923444976076,0.4923298422732679,0.0804123711340206,0.9999999999999984
R5_high_expansion_intermediate_friction,a150_mu030_g002,R5,29,hot,21332,0.01,214,0.5046728971962616,0.0394448413435172,0.0034373347435219,0.0784913215604412
R5_high_expansion_intermediate_friction,a150_mu030_g002,R5,29,hot,21332,0.02,427,0.5011709601873536,0.0644785221201253,0.0116340560549973,0.1288368299138121
R5_high_expansion_intermediate_friction,a150_mu030_g002,R5,29,hot,21332,0.05,1067,0.507029053420806,0.1204971197680909,0.0260444209413009,0.2385448677619198
R5_high_expansion_intermediate_friction,a150_mu030_g002,R5,29,hot,21332,0.1,2134,0.5196813495782568,0.1907523280679788,0.0556583818085668,0.3708101624197977
R5_high_expansion_intermediate_friction,a150_mu030_g002,R5,29,hot,21332,0.2,4267,0.5240215608155613,0.2883065459645338,0.1166049709148598,0.5556103140905879
R5_high_expansion_intermediate_friction,a150_mu030_g002,R5,29,hot,21332,0.4,8533,0.545294738075706,0.4170022180384397,0.356292966684294,0.7844168085583338
R5_high_expansion_intermediate_friction,a150_mu030_g002,R5,29,hot,21332,0.8,17066,0.6199460916442049,0.5510015392942139,0.7718138551031201,0.9815319345025492
R5_high_expansion_intermediate_friction,a150_mu030_g002,R5,29,hot,21332,1.0,21332,0.6606506656666041,0.5657396545662425,0.8930460074034903,1.0000000000000064
R5_high_expansion_intermediate_friction,a150_mu030_g002,R5,30,cold,2071,0.01,21,0.4761904761904761,0.0245340790952952,0.0011709601873536,0.0516606905107583
R5_high_expansion_intermediate_friction,a150_mu030_g002,R5,30,cold,2071,0.02,42,0.4761904761904761,0.0444510456200003,0.0011709601873536,0.0932722459540771
R5_high_expansion_intermediate_friction,a150_mu030_g002,R5,30,cold,2071,0.05,104,0.4807692307692308,0.0941615306761332,0.0023419203747072,0.1959602842993307
R5_high_expansion_intermediate_friction,a150_mu030_g002,R5,30,cold,2071,0.1,208,0.4807692307692308,0.1606645014669019,0.0023419203747072,0.3341005385681727
R5_high_expansion_intermediate_friction,a150_mu030_g002,R5,30,cold,2071,0.2,415,0.4891566265060241,0.2641218730604236,0.0023419203747072,0.5419349787084199
R5_high_expansion_intermediate_friction,a150_mu030_g002,R5,30,cold,2071,0.4,829,0.4933655006031363,0.3884465539639817,0.0052693208430913,0.7925355435828394
R5_high_expansion_intermediate_friction,a150_mu030_g002,R5,30,cold,2071,0.8,1657,0.488231744115872,0.4816292012691339,0.0146370023419203,0.9849217226872008
R5_high_expansion_intermediate_friction,a150_mu030_g002,R5,30,cold,2071,1.0,2071,0.4963785610816031,0.4891618302187836,0.0169789227166276,1.0000000000000016
R5_high_expansion_intermediate_friction,a150_mu030_g002,R5,30,hot,6977,0.01,70,0.4714285714285714,0.0460255631427323,0.0008689984792526,0.0974955568803463
R5_high_expansion_intermediate_friction,a150_mu030_g002,R5,30,hot,6977,0.02,140,0.4857142857142857,0.0774015862724969,0.0015207473386921,0.1601652488974947
R5_high_expansion_intermediate_friction,a150_mu030_g002,R5,30,hot,6977,0.05,349,0.4871060171919771,0.142446332723766,0.0030414946773843,0.293078253438391
R5_high_expansion_intermediate_friction,a150_mu030_g002,R5,30,hot,6977,0.1,698,0.4885386819484241,0.2136088035529006,0.0073864870736476,0.4378532053159525
R5_high_expansion_intermediate_friction,a150_mu030_g002,R5,30,hot,6977,0.2,1396,0.4921203438395415,0.308563720206588,0.022376710840756,0.6294394706308235
R5_high_expansion_intermediate_friction,a150_mu030_g002,R5,30,hot,6977,0.4,2791,0.494446434969545,0.4144355039626547,0.068433630241147,0.8426792088096066
R5_high_expansion_intermediate_friction,a150_mu030_g002,R5,30,hot,6977,0.8,5582,0.491400931565747,0.4862764734253359,0.1785791874864219,0.9895332566608368
R5_high_expansion_intermediate_friction,a150_mu030_g002,R5,30,hot,6977,1.0,6977,0.5108212698867708,0.4921156009139815,0.2307190962415815,1.000000000000003
R6_high_expansion_high_friction,a150_mu060_g020,R6,1,cold,3054,0.01,31,0.4516129032258064,0.0240654989887081,0.0013761467889908,0.052553276555598
R6_high_expansion_high_friction,a150_mu060_g020,R6,1,cold,3054,0.02,62,0.4838709677419355,0.0444706303544597,0.0013761467889908,0.0920732740437755
R6_high_expansion_high_friction,a150_mu060_g020,R6,1,cold,3054,0.05,153,0.4901960784313725,0.0934986212227729,0.0018348623853211,0.1912675772791188
R6_high_expansion_high_friction,a150_mu060_g020,R6,1,cold,3054,0.1,306,0.4803921568627451,0.1552209111685031,0.005045871559633,0.3220249294879395
R6_high_expansion_high_friction,a150_mu060_g020,R6,1,cold,3054,0.2,611,0.4926350245499181,0.2559271669293733,0.0059633027522935,0.5211350641542574
R6_high_expansion_high_friction,a150_mu060_g020,R6,1,cold,3054,0.4,1222,0.4967266775777414,0.3833654168421292,0.0142201834862385,0.7764447513927332
R6_high_expansion_high_friction,a150_mu060_g020,R6,1,cold,3054,0.8,2444,0.4954991816693944,0.4843116507193953,0.096788990825688,0.9818122795512928
R6_high_expansion_high_friction,a150_mu060_g020,R6,1,cold,3054,1.0,3054,0.5042567125081859,0.4937963869340072,0.1279816513761467,0.9999999999999978
R6_high_expansion_high_friction,a150_mu060_g020,R6,1,hot,45154,0.01,452,0.497787610619469,0.0177341833771122,0.0011398963730569,0.0356099723431675
R6_high_expansion_high_friction,a150_mu060_g020,R6,1,hot,45154,0.02,904,0.4988938053097345,0.0323291347301512,0.0016580310880829,0.0647885535548786
R6_high_expansion_high_friction,a150_mu060_g020,R6,1,hot,45154,0.05,2258,0.5048715677590788,0.0706844433418444,0.0079792746113989,0.1401781661834268
R6_high_expansion_high_friction,a150_mu060_g020,R6,1,hot,45154,0.1,4516,0.5075287865367581,0.1248512530291546,0.0513989637305699,0.2463935966630245
R6_high_expansion_high_friction,a150_mu060_g020,R6,1,hot,45154,0.2,9031,0.5410253571033108,0.2246524677633428,0.3417616580310881,0.4206561970137528
R6_high_expansion_high_friction,a150_mu060_g020,R6,1,hot,45154,0.4,18062,0.636585095781198,0.4128972256991918,0.6612435233160622,0.679596923320243
R6_high_expansion_high_friction,a150_mu060_g020,R6,1,hot,45154,0.8,36124,0.756533052818071,0.6611413393163125,0.9107772020725388,0.9654410120101564
R6_high_expansion_high_friction,a150_mu060_g020,R6,1,hot,45154,1.0,45154,0.7865969792266466,0.6929487571100559,0.9973056994818652,0.999999999999994
R6_high_expansion_high_friction,a150_mu060_g020,R6,2,cold,3463,0.01,35,0.4857142857142857,0.0227268661084143,0.0013015184381778,0.0467920948488825
R6_high_expansion_high_friction,a150_mu060_g020,R6,2,cold,3463,0.02,70,0.4571428571428571,0.0387324762944712,0.0013015184381778,0.0839066528457729
R6_high_expansion_high_friction,a150_mu060_g020,R6,2,cold,3463,0.05,174,0.4827586206896552,0.0854344826220628,0.0013015184381778,0.1769913448193543
R6_high_expansion_high_friction,a150_mu060_g020,R6,2,cold,3463,0.1,347,0.4899135446685879,0.1497251650019747,0.0026030368763557,0.3064680364552249
R6_high_expansion_high_friction,a150_mu060_g020,R6,2,cold,3463,0.2,693,0.4877344877344877,0.2448818214874746,0.0043383947939262,0.50235987368936
R6_high_expansion_high_friction,a150_mu060_g020,R6,2,cold,3463,0.4,1386,0.4913419913419913,0.3746984202912786,0.0147505422993492,0.7639840760698008
R6_high_expansion_high_friction,a150_mu060_g020,R6,2,cold,3463,0.8,2771,0.4969325153374233,0.4847734469144031,0.068112798264642,0.9820895529539256
R6_high_expansion_high_friction,a150_mu060_g020,R6,2,cold,3463,1.0,3463,0.5056309558186544,0.4940295306621867,0.0971800433839479,0.9999999999999976
R6_high_expansion_high_friction,a150_mu060_g020,R6,2,hot,41588,0.01,416,0.5,0.0245854102066473,0.0030417453324942,0.0491783109169987
R6_high_expansion_high_friction,a150_mu060_g020,R6,2,hot,41588,0.02,832,0.5060096153846154,0.0433167840284473,0.0147891755821271,0.0857873751861482
R6_high_expansion_high_friction,a150_mu060_g020,R6,2,hot,41588,0.05,2080,0.5173076923076924,0.0892642409139323,0.0333543108873505,0.1733716869921951
R6_high_expansion_high_friction,a150_mu060_g020,R6,2,hot,41588,0.1,4159,0.5236835777831209,0.1508149407638502,0.0823368995175162,0.2894830710721146
R6_high_expansion_high_friction,a150_mu060_g020,R6,2,hot,41588,0.2,8318,0.5526568886751623,0.2556485132759233,0.329137822529893,0.4703563939408098
R6_high_expansion_high_friction,a150_mu060_g020,R6,2,hot,41588,0.4,16636,0.636390959365232,0.4356269014373881,0.6142227816236627,0.7223611150112836
R6_high_expansion_high_friction,a150_mu060_g020,R6,2,hot,41588,0.8,33271,0.7424784346728383,0.6456942206108238,0.8932242500524439,0.9724160690701532
R6_high_expansion_high_friction,a150_mu060_g020,R6,2,hot,41588,1.0,41588,0.7712080407809945,0.6700686617787662,0.9956996014264736,0.9999999999999984
R6_high_expansion_high_friction,a150_mu060_g020,R6,3,cold,5482,0.01,55,0.4909090909090909,0.0203706800984563,0.0009852216748768,0.0416312456642056
R6_high_expansion_high_friction,a150_mu060_g020,R6,3,cold,5482,0.02,110,0.4818181818181818,0.0365351111769581,0.0009852216748768,0.0758664691065929
R6_high_expansion_high_friction,a150_mu060_g020,R6,3,cold,5482,0.05,275,0.4872727272727272,0.0801873399317598,0.0016420361247947,0.1648688878330103
R6_high_expansion_high_friction,a150_mu060_g020,R6,3,cold,5482,0.1,549,0.4863387978142076,0.139218719083148,0.0036124794745484,0.286338984676738
R6_high_expansion_high_friction,a150_mu060_g020,R6,3,cold,5482,0.2,1097,0.4922515952597994,0.2342153885894421,0.0052545155993431,0.4768565140056404
R6_high_expansion_high_friction,a150_mu060_g020,R6,3,cold,5482,0.4,2193,0.4956680346557227,0.3657451849904095,0.0279146141215106,0.740754981168372
R6_high_expansion_high_friction,a150_mu060_g020,R6,3,cold,5482,0.8,4386,0.5189238486092111,0.4922505391443902,0.49688013136289,0.9781454040850132
R6_high_expansion_high_friction,a150_mu060_g020,R6,3,cold,5482,1.0,5482,0.5361182050346589,0.5052040578447636,0.6151067323481116,1.0000000000000002
R6_high_expansion_high_friction,a150_mu060_g020,R6,3,hot,36923,0.01,370,0.5,0.0266946796136934,0.0020494013590766,0.0534008467731105
R6_high_expansion_high_friction,a150_mu060_g020,R6,3,hot,36923,0.02,739,0.5047361299052774,0.0467152062443923,0.0113256390896343,0.0927354643735268
R6_high_expansion_high_friction,a150_mu060_g020,R6,3,hot,36923,0.05,1847,0.513264753654575,0.094870304896197,0.0465969151116384,0.1856279275758669
R6_high_expansion_high_friction,a150_mu060_g020,R6,3,hot,36923,0.1,3693,0.5253181695098835,0.1599951871836797,0.1030093841009599,0.306908138047723
R6_high_expansion_high_friction,a150_mu060_g020,R6,3,hot,36923,0.2,7385,0.5588354773188896,0.2680978538372296,0.2977025132132456,0.4901040409831289
R6_high_expansion_high_friction,a150_mu060_g020,R6,3,hot,36923,0.4,14770,0.6327014218009479,0.4410237329383139,0.5542012727861072,0.7362304398406836
R6_high_expansion_high_friction,a150_mu060_g020,R6,3,hot,36923,0.8,29539,0.7218592369409933,0.6304218767824629,0.8745550641786215,0.9726796945823406
R6_high_expansion_high_friction,a150_mu060_g020,R6,3,hot,36923,1.0,36923,0.7502640630501314,0.6537898648250178,0.98770359184554,1.000000000000001
R6_high_expansion_high_friction,a150_mu060_g020,R6,4,cold,7881,0.01,79,0.4810126582278481,0.0195707814972505,0.0008062348830959,0.0406463387534185
R6_high_expansion_high_friction,a150_mu060_g020,R6,4,cold,7881,0.02,158,0.4936708860759494,0.0362912956003686,0.0013437248051599,0.0736454778317165
R6_high_expansion_high_friction,a150_mu060_g020,R6,4,cold,7881,0.05,395,0.4886075949367088,0.0772544008094267,0.0018812147272238,0.1580755984369377
R6_high_expansion_high_friction,a150_mu060_g020,R6,4,cold,7881,0.1,789,0.4892268694550063,0.1345555297171121,0.0040311744154797,0.2749435015277175
R6_high_expansion_high_friction,a150_mu060_g020,R6,4,cold,7881,0.2,1577,0.4952441344324667,0.2266097328090825,0.0069873689868314,0.4587157591855467
R6_high_expansion_high_friction,a150_mu060_g020,R6,4,cold,7881,0.4,3153,0.5004757373929591,0.3580237385064806,0.0612738511152915,0.7195582423010348
R6_high_expansion_high_friction,a150_mu060_g020,R6,4,cold,7881,0.8,6305,0.5509912767644727,0.5068052631523636,0.6452566514377855,0.9726897261026664
R6_high_expansion_high_friction,a150_mu060_g020,R6,4,cold,7881,1.0,7881,0.57809922598655,0.5253683069712143,0.7624294544477291,0.9999999999999988
R6_high_expansion_high_friction,a150_mu060_g020,R6,4,hot,32192,0.01,322,0.5031055900621118,0.0319519694451215,0.0045030203185063,0.063610878713614
R6_high_expansion_high_friction,a150_mu060_g020,R6,4,hot,32192,0.02,644,0.5031055900621118,0.0543376394717922,0.014387699066447,0.1080745796566124
R6_high_expansion_high_friction,a150_mu060_g020,R6,4,hot,32192,0.05,1610,0.5236024844720497,0.1071097975280211,0.0501922020867655,0.2064048891267664
R6_high_expansion_high_friction,a150_mu060_g020,R6,4,hot,32192,0.1,3220,0.5298136645962733,0.1715878426031861,0.0813838550247117,0.326822331292587
R6_high_expansion_high_friction,a150_mu060_g020,R6,4,hot,32192,0.2,6439,0.5390588600714397,0.268482339369723,0.2193300384404173,0.5038622727560983
R6_high_expansion_high_friction,a150_mu060_g020,R6,4,hot,32192,0.4,12877,0.5895006600916363,0.4189739358628931,0.5401427786930258,0.7411321291551689
R6_high_expansion_high_friction,a150_mu060_g020,R6,4,hot,32192,0.8,25754,0.6853692630271025,0.5976877526479929,0.8738056013179571,0.973635665798976
R6_high_expansion_high_friction,a150_mu060_g020,R6,4,hot,32192,1.0,32192,0.7194955268389662,0.6199403301530308,0.9803404722679846,1.000000000000011
R6_high_expansion_high_friction,a150_mu060_g020,R6,5,cold,1762,0.01,18,0.4444444444444444,0.0250294740519699,0.0012746972594008,0.0557264415124101
R6_high_expansion_high_friction,a150_mu060_g020,R6,5,cold,1762,0.02,36,0.4444444444444444,0.0444063050514393,0.0012746972594008,0.0992318070254884
R6_high_expansion_high_friction,a150_mu060_g020,R6,5,cold,1762,0.05,89,0.4943820224719101,0.1028542628069533,0.0031867431485022,0.2094207085422139
R6_high_expansion_high_friction,a150_mu060_g020,R6,5,cold,1762,0.1,177,0.4915254237288136,0.1695779131758821,0.0031867431485022,0.3463393630967618
R6_high_expansion_high_friction,a150_mu060_g020,R6,5,cold,1762,0.2,353,0.4929178470254957,0.2682119741109335,0.0038240917782026,0.5468442054071745
R6_high_expansion_high_friction,a150_mu060_g020,R6,5,cold,1762,0.4,705,0.4936170212765957,0.388889384140996,0.0044614404079031,0.7923543031088625
R6_high_expansion_high_friction,a150_mu060_g020,R6,5,cold,1762,0.8,1410,0.4936170212765957,0.4823229473700324,0.0070108349267049,0.9832861896018452
R6_high_expansion_high_friction,a150_mu060_g020,R6,5,cold,1762,1.0,1762,0.4954597048808172,0.4901352987428823,0.0070108349267049,0.9999999999999976
R6_high_expansion_high_friction,a150_mu060_g020,R6,5,hot,25346,0.01,254,0.4960629921259842,0.0413653796783305,0.002914432268594,0.0833899460458854
R6_high_expansion_high_friction,a150_mu060_g020,R6,5,hot,25346,0.02,507,0.4970414201183432,0.0701308460612078,0.0071112147353695,0.1411357024532996
R6_high_expansion_high_friction,a150_mu060_g020,R6,5,hot,25346,0.05,1268,0.5126182965299685,0.1376043436996299,0.0303100955933784,0.270314063259971
R6_high_expansion_high_friction,a150_mu060_g020,R6,5,hot,25346,0.1,2535,0.527810650887574,0.2161073924864262,0.0565399860107251,0.4152020419211673
R6_high_expansion_high_friction,a150_mu060_g020,R6,5,hot,25346,0.2,5070,0.5489151873767258,0.3211133835282375,0.1334809979016087,0.5995079010831663
R6_high_expansion_high_friction,a150_mu060_g020,R6,5,hot,25346,0.4,10139,0.5739224775618897,0.4468803383420724,0.4457915598041501,0.8101754600544571
R6_high_expansion_high_friction,a150_mu060_g020,R6,5,hot,25346,0.8,20277,0.6317995758741431,0.5638738360109986,0.839589647936582,0.9835352855985234
R6_high_expansion_high_friction,a150_mu060_g020,R6,5,hot,25346,1.0,25346,0.6673636865777638,0.576937641249844,0.9612963394730708,1.0000000000000024
R6_high_expansion_high_friction,a150_mu060_g020,R6,6,cold,1878,0.01,19,0.4736842105263157,0.0275249909442131,0.001186943620178,0.057854764209108
R6_high_expansion_high_friction,a150_mu060_g020,R6,6,cold,1878,0.02,38,0.5,0.0493326956883085,0.001186943620178,0.0993979078513133
R6_high_expansion_high_friction,a150_mu060_g020,R6,6,cold,1878,0.05,94,0.4893617021276595,0.0953987073393107,0.001186943620178,0.195515278851042
R6_high_expansion_high_friction,a150_mu060_g020,R6,6,cold,1878,0.1,188,0.4787234042553192,0.1542507761002482,0.001780415430267,0.3212819141360934
R6_high_expansion_high_friction,a150_mu060_g020,R6,6,cold,1878,0.2,376,0.4920212765957447,0.2526764774736814,0.002373887240356,0.5157933938015643
R6_high_expansion_high_friction,a150_mu060_g020,R6,6,cold,1878,0.4,752,0.4906914893617021,0.3770585127394328,0.0029673590504451,0.770234533272373
R6_high_expansion_high_friction,a150_mu060_g020,R6,6,cold,1878,0.8,1503,0.4910179640718562,0.4807515504581416,0.0041543026706231,0.981444870358415
R6_high_expansion_high_friction,a150_mu060_g020,R6,6,cold,1878,1.0,1878,0.4952076677316294,0.4898817102520545,0.0047477744807121,0.9999999999999974
R6_high_expansion_high_friction,a150_mu060_g020,R6,6,hot,22004,0.01,221,0.4886877828054298,0.0438920975542581,0.0014845973029815,0.0897927381617547
R6_high_expansion_high_friction,a150_mu060_g020,R6,6,hot,22004,0.02,441,0.492063492063492,0.0734695305365676,0.0024743288383026,0.1494367078349937
R6_high_expansion_high_friction,a150_mu060_g020,R6,6,hot,22004,0.05,1101,0.4968210717529518,0.1392980890366536,0.0120004948657676,0.2811588539170516
R6_high_expansion_high_friction,a150_mu060_g020,R6,6,hot,22004,0.1,2201,0.5111313039527488,0.2151873552870863,0.0468885314858344,0.425886529508149
R6_high_expansion_high_friction,a150_mu060_g020,R6,6,hot,22004,0.2,4401,0.5282890252215405,0.3153657819520777,0.1031795125572188,0.6095928822324851
R6_high_expansion_high_friction,a150_mu060_g020,R6,6,hot,22004,0.4,8802,0.5610088616223585,0.4388239751249844,0.414202647531857,0.818423752331798
R6_high_expansion_high_friction,a150_mu060_g020,R6,6,hot,22004,0.8,17604,0.6127584639854579,0.5476102314876968,0.7912903624891748,0.9856105190533204
R6_high_expansion_high_friction,a150_mu060_g020,R6,6,hot,22004,1.0,22004,0.6427467733139429,0.558189731889094,0.9304713596436966,0.9999999999999964
R6_high_expansion_high_friction,a150_mu060_g020,R6,7,cold,2053,0.01,21,0.4761904761904761,0.0261645218347292,0.0011286681715575,0.055055605099374
R6_high_expansion_high_friction,a150_mu060_g020,R6,7,cold,2053,0.02,42,0.4761904761904761,0.0463319383375493,0.0011286681715575,0.0971683104361343
R6_high_expansion_high_friction,a150_mu060_g020,R6,7,cold,2053,0.05,103,0.4757281553398058,0.0948676886423563,0.0016930022573363,0.1984765116237281
R6_high_expansion_high_friction,a150_mu060_g020,R6,7,cold,2053,0.1,206,0.4902912621359223,0.1611516859258062,0.0016930022573363,0.3294421147986881
R6_high_expansion_high_friction,a150_mu060_g020,R6,7,cold,2053,0.2,411,0.4914841849148418,0.2554628705666151,0.0022573363431151,0.5213892995647544
R6_high_expansion_high_friction,a150_mu060_g020,R6,7,cold,2053,0.4,822,0.4914841849148418,0.3771369543141357,0.0039503386004514,0.7694255184835459
R6_high_expansion_high_friction,a150_mu060_g020,R6,7,cold,2053,0.8,1643,0.4893487522824102,0.4820811872284572,0.0045146726862302,0.9831113973329088
R6_high_expansion_high_friction,a150_mu060_g020,R6,7,cold,2053,1.0,2053,0.4948855333658061,0.4903279463839413,0.0062076749435665,0.999999999999998
R6_high_expansion_high_friction,a150_mu060_g020,R6,7,hot,23623,0.01,237,0.5021097046413502,0.048160153214275,0.0043832947765737,0.0960014839696774
R6_high_expansion_high_friction,a150_mu060_g020,R6,7,hot,23623,0.02,473,0.507399577167019,0.0786252793342011,0.0104712041884816,0.1554129095223604
R6_high_expansion_high_friction,a150_mu060_g020,R6,7,hot,23623,0.05,1182,0.5279187817258884,0.1468065304193087,0.0404237184950687,0.281461296345847
R6_high_expansion_high_friction,a150_mu060_g020,R6,7,hot,23623,0.1,2363,0.5493017350825222,0.2251712169048801,0.1020333617435772,0.4189180025328201
R6_high_expansion_high_friction,a150_mu060_g020,R6,7,hot,23623,0.2,4725,0.5616931216931217,0.3263071889115036,0.1917691464751004,0.5955807679699988
R6_high_expansion_high_friction,a150_mu060_g020,R6,7,hot,23623,0.4,9450,0.5894179894179894,0.455737455177899,0.3903567514915378,0.8059934329521069
R6_high_expansion_high_friction,a150_mu060_g020,R6,7,hot,23623,0.8,18899,0.6374940473040902,0.5760415802697716,0.7622062583708754,0.9835522019224104
R6_high_expansion_high_friction,a150_mu060_g020,R6,7,hot,23623,1.0,23623,0.6627862676205393,0.5882163460914936,0.92195300133934,0.9999999999999962
R6_high_expansion_high_friction,a150_mu060_g020,R6,8,cold,1919,0.01,20,0.5,0.0274084680313513,0.0012422360248447,0.0551276017945722
R6_high_expansion_high_friction,a150_mu060_g020,R6,8,cold,1919,0.02,39,0.4615384615384615,0.0442130841335803,0.0012422360248447,0.0949594573156467
R6_high_expansion_high_friction,a150_mu060_g020,R6,8,cold,1919,0.05,96,0.4791666666666667,0.095408336822945,0.001863354037267,0.1986043991838201
R6_high_expansion_high_friction,a150_mu060_g020,R6,8,cold,1919,0.1,192,0.5,0.1681558889337055,0.0024844720496894,0.3385573532446635
R6_high_expansion_high_friction,a150_mu060_g020,R6,8,cold,1919,0.2,384,0.484375,0.2648109012110752,0.0024844720496894,0.5448720897883306
R6_high_expansion_high_friction,a150_mu060_g020,R6,8,cold,1919,0.4,768,0.4934895833333333,0.388789407362981,0.0043478260869565,0.7908315399689567
R6_high_expansion_high_friction,a150_mu060_g020,R6,8,cold,1919,0.8,1536,0.4895833333333333,0.4823363493069815,0.008695652173913,0.9837083639898652
R6_high_expansion_high_friction,a150_mu060_g020,R6,8,cold,1919,1.0,1919,0.4976550286607608,0.490371280754531,0.0180124223602484,0.9999999999999992
R6_high_expansion_high_friction,a150_mu060_g020,R6,8,hot,25703,0.01,258,0.5,0.0392633749070582,0.0028425914959137,0.0785861826540588
R6_high_expansion_high_friction,a150_mu060_g020,R6,8,hot,25703,0.02,515,0.4970873786407767,0.0661028675205275,0.0075802439891033,0.1328779358149023
R6_high_expansion_high_friction,a150_mu060_g020,R6,8,hot,25703,0.05,1286,0.5225505443234837,0.1290440958175726,0.0504559990524695,0.2499098946374964
R6_high_expansion_high_friction,a150_mu060_g020,R6,8,hot,25703,0.1,2571,0.543757292882147,0.2052849791993568,0.110031979154329,0.385199453392568
R6_high_expansion_high_friction,a150_mu060_g020,R6,8,hot,25703,0.2,5141,0.5588406924722816,0.3094661839782398,0.2069169726400568,0.5669751817003319
R6_high_expansion_high_friction,a150_mu060_g020,R6,8,hot,25703,0.4,10282,0.5979381443298969,0.4507092378864887,0.410043823285562,0.7893682153827912
R6_high_expansion_high_friction,a150_mu060_g020,R6,8,hot,25703,0.8,20563,0.6495647522248699,0.5826130820114985,0.8069406609025228,0.9810461107819064
R6_high_expansion_high_friction,a150_mu060_g020,R6,8,hot,25703,1.0,25703,0.6799984437614286,0.5974872961347256,0.9391211654625132,1.0000000000000069
R6_high_expansion_high_friction,a150_mu060_g020,R6,9,cold,1835,0.01,19,0.4736842105263157,0.0280292407580225,0.0012714558169103,0.0591674425433184
R6_high_expansion_high_friction,a150_mu060_g020,R6,9,cold,1835,0.02,37,0.4864864864864865,0.0494699351218971,0.0012714558169103,0.1019566304222438
R6_high_expansion_high_friction,a150_mu060_g020,R6,9,cold,1835,0.05,92,0.5,0.1017583885471983,0.0019071837253655,0.205347584753655
R6_high_expansion_high_friction,a150_mu060_g020,R6,9,cold,1835,0.1,184,0.483695652173913,0.1647753681567401,0.0019071837253655,0.3402336884846708
R6_high_expansion_high_friction,a150_mu060_g020,R6,9,cold,1835,0.2,367,0.4904632152588556,0.2607465020699022,0.0031786395422759,0.5327557979510877
R6_high_expansion_high_friction,a150_mu060_g020,R6,9,cold,1835,0.4,734,0.4877384196185286,0.3815380832691483,0.0044500953591862,0.7810133364965579
R6_high_expansion_high_friction,a150_mu060_g020,R6,9,cold,1835,0.8,1468,0.4904632152588556,0.4830305810859892,0.0057215511760966,0.9847443760340268
R6_high_expansion_high_friction,a150_mu060_g020,R6,9,cold,1835,1.0,1835,0.4948228882833787,0.4904803909313025,0.0076287349014621,0.9999999999999994
R6_high_expansion_high_friction,a150_mu060_g020,R6,9,hot,24207,0.01,243,0.5020576131687243,0.0445045134875759,0.0029158060988944,0.0887536902715757
R6_high_expansion_high_friction,a150_mu060_g020,R6,9,hot,24207,0.02,485,0.5030927835051546,0.0750463921812501,0.0046166929899161,0.1493335817670413
R6_high_expansion_high_friction,a150_mu060_g020,R6,9,hot,24207,0.05,1211,0.5119735755573905,0.142475965950172,0.0506621309682906,0.2795776580376455
R6_high_expansion_high_friction,a150_mu060_g020,R6,9,hot,24207,0.1,2421,0.5394465097067328,0.2250991088311675,0.1166322439557769,0.4253733917979835
R6_high_expansion_high_friction,a150_mu060_g020,R6,9,hot,24207,0.2,4842,0.5809582817017761,0.3393201393409991,0.2137042886648038,0.609969137307587
R6_high_expansion_high_friction,a150_mu060_g020,R6,9,hot,24207,0.4,9683,0.6100382112981514,0.4716864308861839,0.3818491070343822,0.8175852474759542
R6_high_expansion_high_friction,a150_mu060_g020,R6,9,hot,24207,0.8,19366,0.6448414747495611,0.5846721827276026,0.7565301907423156,0.985221788663934
R6_high_expansion_high_friction,a150_mu060_g020,R6,9,hot,24207,1.0,24207,0.6702193580369314,0.5957559564631802,0.9188433969141052,0.9999999999999925
R6_high_expansion_high_friction,a150_mu060_g020,R6,10,cold,1903,0.01,20,0.5,0.0317567134515273,0.0012658227848101,0.0640119074084456
R6_high_expansion_high_friction,a150_mu060_g020,R6,10,cold,1903,0.02,39,0.4871794871794871,0.0508187061427974,0.0018987341772151,0.1044056202886803
R6_high_expansion_high_friction,a150_mu060_g020,R6,10,cold,1903,0.05,96,0.4791666666666667,0.0978801288851013,0.0018987341772151,0.2037265482338491
R6_high_expansion_high_friction,a150_mu060_g020,R6,10,cold,1903,0.1,191,0.4973821989528796,0.1649217948121167,0.0018987341772151,0.3339027916946168
R6_high_expansion_high_friction,a150_mu060_g020,R6,10,cold,1903,0.2,381,0.4934383202099737,0.2611151013696444,0.0037974683544303,0.5315308766742234
R6_high_expansion_high_friction,a150_mu060_g020,R6,10,cold,1903,0.4,762,0.4868766404199475,0.3786905710671394,0.0044303797468354,0.7761400760647957
R6_high_expansion_high_friction,a150_mu060_g020,R6,10,cold,1903,0.8,1523,0.4924491135915955,0.4812330624875728,0.0094936708860759,0.981932112587902
R6_high_expansion_high_friction,a150_mu060_g020,R6,10,cold,1903,1.0,1903,0.4960588544403573,0.4896482694843195,0.0120253164556962,1.0000000000000004
R6_high_expansion_high_friction,a150_mu060_g020,R6,10,hot,24811,0.01,249,0.4979919678714859,0.0422135276857729,0.0057526366251198,0.0847420210007871
R6_high_expansion_high_friction,a150_mu060_g020,R6,10,hot,24811,0.02,497,0.5010060362173038,0.069984638056894,0.0105465004793863,0.1397521678378573
R6_high_expansion_high_friction,a150_mu060_g020,R6,10,hot,24811,0.05,1241,0.5149073327961321,0.1321239954469075,0.0478187919463087,0.2583947608061066
R6_high_expansion_high_friction,a150_mu060_g020,R6,10,hot,24811,0.1,2482,0.540290088638195,0.2075486096413249,0.1088207094918504,0.3921224001937745
R6_high_expansion_high_friction,a150_mu060_g020,R6,10,hot,24811,0.2,4963,0.5625629659480154,0.312598710577069,0.1929530201342282,0.5716472866070104
R6_high_expansion_high_friction,a150_mu060_g020,R6,10,hot,24811,0.4,9925,0.5867002518891687,0.4461038435765725,0.397770853307766,0.7911006032249164
R6_high_expansion_high_friction,a150_mu060_g020,R6,10,hot,24811,0.8,19849,0.6407375686432566,0.576057316486306,0.7966203259827421,0.9815892671252856
R6_high_expansion_high_friction,a150_mu060_g020,R6,10,hot,24811,1.0,24811,0.6730079400266011,0.5904353037540175,0.9301294343240653,0.9999999999999842
R6_high_expansion_high_friction,a150_mu060_g020,R6,11,cold,1792,0.01,18,0.4444444444444444,0.0276511087590099,0.001318391562294,0.0610165246266211
R6_high_expansion_high_friction,a150_mu060_g020,R6,11,cold,1792,0.02,36,0.4722222222222222,0.0494779280777107,0.001977587343441,0.1043746162936341
R6_high_expansion_high_friction,a150_mu060_g020,R6,11,cold,1792,0.05,90,0.4888888888888889,0.1032629561325558,0.002636783124588,0.2121202978051865
R6_high_expansion_high_friction,a150_mu060_g020,R6,11,cold,1792,0.1,180,0.4944444444444444,0.1706002703875676,0.002636783124588,0.3470008640987962
R6_high_expansion_high_friction,a150_mu060_g020,R6,11,cold,1792,0.2,359,0.4930362116991643,0.2635606340132014,0.003295978905735,0.537031980342288
R6_high_expansion_high_friction,a150_mu060_g020,R6,11,cold,1792,0.4,717,0.4937238493723849,0.3858132113919547,0.003295978905735,0.7858985743840329
R6_high_expansion_high_friction,a150_mu060_g020,R6,11,cold,1792,0.8,1434,0.4902370990237099,0.4817524404508122,0.007251153592617,0.9838350687334976
R6_high_expansion_high_friction,a150_mu060_g020,R6,11,cold,1792,1.0,1792,0.4966517857142857,0.4898107496843212,0.007910349373764,0.9999999999999992
R6_high_expansion_high_friction,a150_mu060_g020,R6,11,hot,23610,0.01,237,0.4936708860759494,0.0434618531057138,0.0025732140669035,0.0878838226287233
R6_high_expansion_high_friction,a150_mu060_g020,R6,11,hot,23610,0.02,473,0.5010570824524313,0.0750890615240069,0.0083323122166401,0.150011130555392
R6_high_expansion_high_friction,a150_mu060_g020,R6,11,hot,23610,0.05,1181,0.5224386113463166,0.1464038109845496,0.0518318833476289,0.2830248084869718
R6_high_expansion_high_friction,a150_mu060_g020,R6,11,hot,23610,0.1,2361,0.5510376958915714,0.2301728570227355,0.1055017767430462,0.4277405595395147
R6_high_expansion_high_friction,a150_mu060_g020,R6,11,hot,23610,0.2,4722,0.5783566285472258,0.3404794013321452,0.2043867173140546,0.6105959187563336
R6_high_expansion_high_friction,a150_mu060_g020,R6,11,hot,23610,0.4,9444,0.611711139347734,0.475270475083923,0.386839848057836,0.82001217480083
R6_high_expansion_high_friction,a150_mu060_g020,R6,11,hot,23610,0.8,18888,0.6425243540872512,0.5856748097318059,0.7451292733733611,0.9855173326838548
R6_high_expansion_high_friction,a150_mu060_g020,R6,11,hot,23610,1.0,23610,0.6668784413384159,0.5964202046759699,0.903810807499081,1.000000000000001
R6_high_expansion_high_friction,a150_mu060_g020,R6,12,cold,2218,0.01,23,0.4782608695652174,0.0273595980585911,0.0011461318051575,0.0572053718575511
R6_high_expansion_high_friction,a150_mu060_g020,R6,12,cold,2218,0.02,45,0.4888888888888889,0.0484170998772089,0.0011461318051575,0.0992142829172654
R6_high_expansion_high_friction,a150_mu060_g020,R6,12,cold,2218,0.05,111,0.4864864864864865,0.0967415446898069,0.0017191977077363,0.1991716906667319
R6_high_expansion_high_friction,a150_mu060_g020,R6,12,cold,2218,0.1,222,0.4909909909909909,0.1616381027444615,0.0028653295128939,0.3305079360063582
R6_high_expansion_high_friction,a150_mu060_g020,R6,12,cold,2218,0.2,444,0.4842342342342342,0.2533715942429494,0.0057306590257879,0.5226528169875191
R6_high_expansion_high_friction,a150_mu060_g020,R6,12,cold,2218,0.4,888,0.4876126126126126,0.3764911335974598,0.0068767908309455,0.7720098976075319
R6_high_expansion_high_friction,a150_mu060_g020,R6,12,cold,2218,0.8,1775,0.4901408450704225,0.4804094177329613,0.0166189111747851,0.9816032838876482
R6_high_expansion_high_friction,a150_mu060_g020,R6,12,cold,2218,1.0,2218,0.4981965734896303,0.4895598668307711,0.0189111747851002,0.9999999999999998
R6_high_expansion_high_friction,a150_mu060_g020,R6,12,hot,23811,0.01,239,0.497907949790795,0.0411705887410249,0.0048363095238095,0.082656062151201
R6_high_expansion_high_friction,a150_mu060_g020,R6,12,hot,23811,0.02,477,0.4989517819706499,0.0687156398209492,0.009672619047619,0.137705697077325
R6_high_expansion_high_friction,a150_mu060_g020,R6,12,hot,23811,0.05,1191,0.5188916876574308,0.1311407416885626,0.044766865079365,0.2553819264320328
R6_high_expansion_high_friction,a150_mu060_g020,R6,12,hot,23811,0.1,2382,0.536943744752309,0.2051328292781983,0.1000744047619047,0.3888478419114351
R6_high_expansion_high_friction,a150_mu060_g020,R6,12,hot,23811,0.2,4763,0.5521730002099517,0.306032914398768,0.1925843253968254,0.5668708887494422
R6_high_expansion_high_friction,a150_mu060_g020,R6,12,hot,23811,0.4,9525,0.5814173228346456,0.4408431596066697,0.3954613095238095,0.7883471480733871
R6_high_expansion_high_friction,a150_mu060_g020,R6,12,hot,23811,0.8,19049,0.6371988030867762,0.5719318206376621,0.8012152777777778,0.9814004750663436
R6_high_expansion_high_friction,a150_mu060_g020,R6,12,hot,23811,1.0,23811,0.6713703750367477,0.5865603424747668,0.927703373015873,0.9999999999999946
R6_high_expansion_high_friction,a150_mu060_g020,R6,13,cold,1827,0.01,19,0.4736842105263157,0.028375748754271,0.0012476606363069,0.0598247632668595
R6_high_expansion_high_friction,a150_mu060_g020,R6,13,cold,1827,0.02,37,0.4864864864864865,0.0497636076836858,0.0018714909544603,0.1025748947816807
R6_high_expansion_high_friction,a150_mu060_g020,R6,13,cold,1827,0.05,92,0.4891304347826087,0.0997334361836954,0.0018714909544603,0.2042497705953828
R6_high_expansion_high_friction,a150_mu060_g020,R6,13,cold,1827,0.1,183,0.4918032786885246,0.1656282468104546,0.0024953212726138,0.3380395458672419
R6_high_expansion_high_friction,a150_mu060_g020,R6,13,cold,1827,0.2,366,0.4918032786885246,0.2614999617570069,0.0037429819089207,0.5332903793258731
R6_high_expansion_high_friction,a150_mu060_g020,R6,13,cold,1827,0.4,731,0.4952120383036936,0.3819862938371889,0.0049906425452276,0.7762177933827369
R6_high_expansion_high_friction,a150_mu060_g020,R6,13,cold,1827,0.8,1462,0.4897400820793434,0.4828627808764241,0.0056144728633811,0.9841922110989232
R6_high_expansion_high_friction,a150_mu060_g020,R6,13,cold,1827,1.0,1827,0.4953475643130816,0.490518437880022,0.0056144728633811,1.0000000000000002
R6_high_expansion_high_friction,a150_mu060_g020,R6,13,hot,18849,0.01,189,0.4973544973544973,0.0494728520545987,0.0021282255919127,0.0995063300824016
R6_high_expansion_high_friction,a150_mu060_g020,R6,13,hot,18849,0.02,377,0.5013262599469496,0.0854697652637384,0.00585262037776,0.1707984389457786
R6_high_expansion_high_friction,a150_mu060_g020,R6,13,hot,18849,0.05,943,0.5217391304347826,0.1664087350421669,0.0476190476190476,0.3225711076988727
R6_high_expansion_high_friction,a150_mu060_g020,R6,13,hot,18849,0.1,1885,0.5480106100795756,0.2545348093820134,0.0804735301942005,0.4759011287442578
R6_high_expansion_high_friction,a150_mu060_g020,R6,13,hot,18849,0.2,3770,0.563395225464191,0.3589178108218144,0.147778664538441,0.6568071342723163
R6_high_expansion_high_friction,a150_mu060_g020,R6,13,hot,18849,0.4,7540,0.5725464190981432,0.4688153949511995,0.3107209364192604,0.8462371174012066
R6_high_expansion_high_friction,a150_mu060_g020,R6,13,hot,18849,0.8,15080,0.5977453580901857,0.555668304307354,0.7013833466347433,0.9883413194857495
R6_high_expansion_high_friction,a150_mu060_g020,R6,13,hot,18849,1.0,18849,0.6227916600350151,0.5636789220313231,0.852487363660548,1.0000000000000002
R6_high_expansion_high_friction,a150_mu060_g020,R6,14,cold,2850,0.01,29,0.4827586206896552,0.0275193674835745,0.0014367816091954,0.0569623595164394
R6_high_expansion_high_friction,a150_mu060_g020,R6,14,cold,2850,0.02,57,0.4912280701754385,0.047590588583235,0.0019157088122605,0.0972938293734912
R6_high_expansion_high_friction,a150_mu060_g020,R6,14,cold,2850,0.05,143,0.4825174825174825,0.0950431787258311,0.0019157088122605,0.1967711723583975
R6_high_expansion_high_friction,a150_mu060_g020,R6,14,cold,2850,0.1,285,0.487719298245614,0.1591745845899781,0.0033524904214559,0.3266686239948458
R6_high_expansion_high_friction,a150_mu060_g020,R6,14,cold,2850,0.2,570,0.4894736842105263,0.2555939448117261,0.0052681992337164,0.5226255860575033
R6_high_expansion_high_friction,a150_mu060_g020,R6,14,cold,2850,0.4,1140,0.4921052631578947,0.3808146053767849,0.0081417624521072,0.7755943963714608
R6_high_expansion_high_friction,a150_mu060_g020,R6,14,cold,2850,0.8,2280,0.4929824561403508,0.4826589787382016,0.0177203065134099,0.9827563595811444
R6_high_expansion_high_friction,a150_mu060_g020,R6,14,cold,2850,1.0,2850,0.4982456140350877,0.490954946637897,0.0440613026819923,0.9999999999999996
R6_high_expansion_high_friction,a150_mu060_g020,R6,14,hot,21772,0.01,218,0.5,0.0400353855245967,0.0014158836401081,0.0801412117183036
R6_high_expansion_high_friction,a150_mu060_g020,R6,14,hot,21772,0.02,436,0.5045871559633027,0.0660320466505154,0.0097824687862015,0.1311684004001561
R6_high_expansion_high_friction,a150_mu060_g020,R6,14,hot,21772,0.05,1089,0.5160697887970616,0.1242564511681991,0.0423477925086883,0.2426506669165247
R6_high_expansion_high_friction,a150_mu060_g020,R6,14,hot,21772,0.1,2178,0.5266299357208448,0.1942175329879797,0.0858540352683743,0.3727965996175789
R6_high_expansion_high_friction,a150_mu060_g020,R6,14,hot,21772,0.2,4355,0.538691159586682,0.2920785712522764,0.163727635474321,0.5506278649856285
R6_high_expansion_high_friction,a150_mu060_g020,R6,14,hot,21772,0.4,8709,0.5586175221035711,0.422058088689112,0.3806152657999742,0.7760486946694504
R6_high_expansion_high_friction,a150_mu060_g020,R6,14,hot,21772,0.8,17418,0.6199334022275806,0.5581895619599042,0.7867164371218948,0.9800374589156656
R6_high_expansion_high_friction,a150_mu060_g020,R6,14,hot,21772,1.0,21772,0.6552911997060444,0.5738360559468965,0.9177500321791736,0.9999999999999992
R6_high_expansion_high_friction,a150_mu060_g020,R6,15,cold,1802,0.01,19,0.4210526315789473,0.0263075247080597,0.0012804097311139,0.0610925957667456
R6_high_expansion_high_friction,a150_mu060_g020,R6,15,cold,1802,0.02,37,0.4864864864864865,0.0516611050542117,0.0012804097311139,0.106418448894047
R6_high_expansion_high_friction,a150_mu060_g020,R6,15,cold,1802,0.05,91,0.4835164835164835,0.0992891702269773,0.0019206145966709,0.2049804884674237
R6_high_expansion_high_friction,a150_mu060_g020,R6,15,cold,1802,0.1,181,0.4917127071823204,0.1629421941411094,0.0019206145966709,0.3326469484810613
R6_high_expansion_high_friction,a150_mu060_g020,R6,15,cold,1802,0.2,361,0.4930747922437673,0.2546188908433256,0.0025608194622279,0.5193346250356895
R6_high_expansion_high_friction,a150_mu060_g020,R6,15,cold,1802,0.4,721,0.4951456310679611,0.3788995553450631,0.0038412291933418,0.7712013441712219
R6_high_expansion_high_friction,a150_mu060_g020,R6,15,cold,1802,0.8,1442,0.4958391123439667,0.4833680298735827,0.0076824583866837,0.984020173725758
R6_high_expansion_high_friction,a150_mu060_g020,R6,15,cold,1802,1.0,1802,0.4961154273029967,0.4905681517384238,0.0096030729833546,0.9999999999999996
R6_high_expansion_high_friction,a150_mu060_g020,R6,15,hot,14180,0.01,142,0.5070422535211268,0.053537886204921,0.0021014710297208,0.1060231344659618
R6_high_expansion_high_friction,a150_mu060_g020,R6,15,hot,14180,0.02,284,0.5,0.0905247728808172,0.0040528369858901,0.1811051482128907
R6_high_expansion_high_friction,a150_mu060_g020,R6,15,hot,14180,0.05,709,0.5190409026798307,0.1728879585512409,0.0358751125788051,0.3369837008125499
R6_high_expansion_high_friction,a150_mu060_g020,R6,15,hot,14180,0.1,1418,0.538787023977433,0.2609764714472882,0.0661963374362053,0.4951766156150224
R6_high_expansion_high_friction,a150_mu060_g020,R6,15,hot,14180,0.2,2836,0.5483074753173484,0.361235339792923,0.1145301711197838,0.674623085781212
R6_high_expansion_high_friction,a150_mu060_g020,R6,15,hot,14180,0.4,5672,0.5442524682651622,0.4596496376012189,0.2092464725307715,0.8573024317466962
R6_high_expansion_high_friction,a150_mu060_g020,R6,15,hot,14180,0.8,11344,0.5559767277856136,0.5340581388939142,0.5459321525067548,0.9897876937336264
R6_high_expansion_high_friction,a150_mu060_g020,R6,15,hot,14180,1.0,14180,0.576163610719323,0.5404396165448864,0.7191534073851696,1.000000000000006
R6_high_expansion_high_friction,a150_mu060_g020,R6,16,cold,4043,0.01,41,0.4878048780487805,0.0243024386135419,0.0015088645794039,0.0498455458678501
R6_high_expansion_high_friction,a150_mu060_g020,R6,16,cold,4043,0.02,81,0.4814814814814814,0.0419041904794621,0.0018860807242549,0.0869278952064867
R6_high_expansion_high_friction,a150_mu060_g020,R6,16,cold,4043,0.05,203,0.4876847290640394,0.0889297744188553,0.0041493775933609,0.1826047803886772
R6_high_expansion_high_friction,a150_mu060_g020,R6,16,cold,4043,0.1,405,0.491358024691358,0.1526633633514547,0.0041493775933609,0.3114690889071665
R6_high_expansion_high_friction,a150_mu060_g020,R6,16,cold,4043,0.2,809,0.4944375772558714,0.2512018923209269,0.0139569973594869,0.509719746180396
R6_high_expansion_high_friction,a150_mu060_g020,R6,16,cold,4043,0.4,1618,0.4975278121137206,0.3817555986036458,0.0765748774047529,0.7706906338372532
R6_high_expansion_high_friction,a150_mu060_g020,R6,16,cold,4043,0.8,3235,0.5119010819165378,0.4940493349348788,0.1950207468879668,0.9829421606316462
R6_high_expansion_high_friction,a150_mu060_g020,R6,16,cold,4043,1.0,4043,0.5213950037101163,0.5031031771928943,0.2244436061863447,1.0000000000000009
R6_high_expansion_high_friction,a150_mu060_g020,R6,16,hot,20828,0.01,209,0.4976076555023923,0.0363094640004571,0.003266692800209,0.0729704342167768
R6_high_expansion_high_friction,a150_mu060_g020,R6,16,hot,20828,0.02,417,0.5011990407673861,0.0609866291428807,0.0099307461126355,0.1217759474512727
R6_high_expansion_high_friction,a150_mu060_g020,R6,16,hot,20828,0.05,1042,0.5095969289827256,0.1163803350598902,0.0352802822422579,0.2293315440071409
R6_high_expansion_high_friction,a150_mu060_g020,R6,16,hot,20828,0.1,2083,0.5170427268362938,0.1836402945087649,0.0725205801646413,0.3576944010686656
R6_high_expansion_high_friction,a150_mu060_g020,R6,16,hot,20828,0.2,4166,0.5290446471435429,0.2820221377800895,0.1370704298967725,0.5396707981558558
R6_high_expansion_high_friction,a150_mu060_g020,R6,16,hot,20828,0.4,8332,0.550048007681229,0.4143196234896141,0.372141643799817,0.7724339479924232
R6_high_expansion_high_friction,a150_mu060_g020,R6,16,hot,20828,0.8,16663,0.6132749204825062,0.5521380194356558,0.7726381811054488,0.9797815302259346
R6_high_expansion_high_friction,a150_mu060_g020,R6,16,hot,20828,1.0,20828,0.646773574034953,0.5673895965549486,0.9089246047301712,1.0000000000000018
R6_high_expansion_high_friction,a150_mu060_g020,R6,17,cold,1852,0.01,19,0.4736842105263157,0.0289538222000504,0.0012453300124533,0.0612837644671122
R6_high_expansion_high_friction,a150_mu060_g020,R6,17,cold,1852,0.02,38,0.5,0.0521416172874593,0.0012453300124533,0.1054369372197513
R6_high_expansion_high_friction,a150_mu060_g020,R6,17,cold,1852,0.05,93,0.4731182795698925,0.0959457060986122,0.0018679950186799,0.2020314130677866
R6_high_expansion_high_friction,a150_mu060_g020,R6,17,cold,1852,0.1,186,0.478494623655914,0.1585924956845942,0.0018679950186799,0.3311594057714618
R6_high_expansion_high_friction,a150_mu060_g020,R6,17,cold,1852,0.2,371,0.490566037735849,0.2571256988179689,0.0037359900373599,0.5265044642502802
R6_high_expansion_high_friction,a150_mu060_g020,R6,17,cold,1852,0.4,741,0.4898785425101215,0.3777462549026055,0.0062266500622665,0.772664414988729
R6_high_expansion_high_friction,a150_mu060_g020,R6,17,cold,1852,0.8,1482,0.4892037786774629,0.4804257339319479,0.0087173100871731,0.9806507569256956
R6_high_expansion_high_friction,a150_mu060_g020,R6,17,cold,1852,1.0,1852,0.4946004319654428,0.4899859371247945,0.0112079701120797,0.9999999999999994
R6_high_expansion_high_friction,a150_mu060_g020,R6,17,hot,12868,0.01,129,0.4961240310077519,0.0582489085396704,0.005101227482863,0.117428411804021
R6_high_expansion_high_friction,a150_mu060_g020,R6,17,hot,12868,0.02,258,0.5077519379844961,0.0997617532634632,0.0097242148892077,0.1971698798067221
R6_high_expansion_high_friction,a150_mu060_g020,R6,17,hot,12868,0.05,644,0.5186335403726708,0.184030689306519,0.0307667782560178,0.3580867250091519
R6_high_expansion_high_friction,a150_mu060_g020,R6,17,hot,12868,0.1,1287,0.5369075369075369,0.2711189465327129,0.0644029969711461,0.5150984154189043
R6_high_expansion_high_friction,a150_mu060_g020,R6,17,hot,12868,0.2,2574,0.5431235431235432,0.3667255180489653,0.1158935118762952,0.6891207328782605
R6_high_expansion_high_friction,a150_mu060_g020,R6,17,hot,12868,0.4,5148,0.5444832944832945,0.4630498624145482,0.2118603538976566,0.8652669334831605
R6_high_expansion_high_friction,a150_mu060_g020,R6,17,hot,12868,0.8,10295,0.5562894609033512,0.5337487239244549,0.4326478558903236,0.9905307772066864
R6_high_expansion_high_friction,a150_mu060_g020,R6,17,hot,12868,1.0,12868,0.5707180603046317,0.5393403465192169,0.6250597800095647,1.0000000000000002
R6_high_expansion_high_friction,a150_mu060_g020,R6,18,cold,3800,0.01,38,0.4736842105263157,0.024943530593202,0.0015390534821085,0.052300577346499
R6_high_expansion_high_friction,a150_mu060_g020,R6,18,cold,3800,0.02,76,0.4605263157894737,0.0424026215236093,0.0019238168526356,0.0909084026399694
R6_high_expansion_high_friction,a150_mu060_g020,R6,18,cold,3800,0.05,190,0.4894736842105263,0.091533831889628,0.0034628703347441,0.18725279907649
R6_high_expansion_high_friction,a150_mu060_g020,R6,18,cold,3800,0.1,380,0.4947368421052631,0.1561386405551495,0.0046171604463255,0.3167872770585518
R6_high_expansion_high_friction,a150_mu060_g020,R6,18,cold,3800,0.2,760,0.4907894736842105,0.2518115326691048,0.021546748749519,0.5135755122020628
R6_high_expansion_high_friction,a150_mu060_g020,R6,18,cold,3800,0.4,1520,0.4934210526315789,0.378752151833492,0.0473258945748364,0.7688448107621048
R6_high_expansion_high_friction,a150_mu060_g020,R6,18,cold,3800,0.8,3040,0.4980263157894737,0.4861659296294102,0.1111966140823393,0.981480401109558
R6_high_expansion_high_friction,a150_mu060_g020,R6,18,cold,3800,1.0,3800,0.5110526315789473,0.4963288021218308,0.1935359753751442,0.9999999999999972
R6_high_expansion_high_friction,a150_mu060_g020,R6,18,hot,20163,0.01,202,0.5,0.0340592067069995,0.0022982290117615,0.0681936705262509
R6_high_expansion_high_friction,a150_mu060_g020,R6,18,hot,20163,0.02,404,0.5,0.0585936502735439,0.0047316479653913,0.1173597695287469
R6_high_expansion_high_friction,a150_mu060_g020,R6,18,hot,20163,0.05,1009,0.5024777006937562,0.1154385231462458,0.0310936866297147,0.2301491742711869
R6_high_expansion_high_friction,a150_mu060_g020,R6,18,hot,20163,0.1,2017,0.5131383242439266,0.1847902029233978,0.0758415573881303,0.3623967410744339
R6_high_expansion_high_friction,a150_mu060_g020,R6,18,hot,20163,0.2,4033,0.5254153235804612,0.2836095352855698,0.155603623090442,0.5459496658557556
R6_high_expansion_high_friction,a150_mu060_g020,R6,18,hot,20163,0.4,8066,0.5518224646665013,0.4167779602613252,0.350682709206435,0.7765837355952886
R6_high_expansion_high_friction,a150_mu060_g020,R6,18,hot,20163,0.8,16131,0.610811480999318,0.5500049247111736,0.7757198864404489,0.9802276910992052
R6_high_expansion_high_friction,a150_mu060_g020,R6,18,hot,20163,1.0,20163,0.6478202648415414,0.5652961895530728,0.9033391915641475,1.000000000000004
R6_high_expansion_high_friction,a150_mu060_g020,R6,19,cold,1816,0.01,19,0.4210526315789473,0.022444850664821,0.0012845215157353,0.0528308529276038
R6_high_expansion_high_friction,a150_mu060_g020,R6,19,cold,1816,0.02,37,0.4594594594594595,0.0440575664043994,0.0012845215157353,0.0956394548369685
R6_high_expansion_high_friction,a150_mu060_g020,R6,19,cold,1816,0.05,91,0.4945054945054945,0.0987385598415001,0.0012845215157353,0.2008125668053944
R6_high_expansion_high_friction,a150_mu060_g020,R6,19,cold,1816,0.1,182,0.489010989010989,0.1635675125727109,0.0025690430314707,0.3353015890246922
R6_high_expansion_high_friction,a150_mu060_g020,R6,19,cold,1816,0.2,364,0.4862637362637362,0.2579248567519251,0.0032113037893384,0.5304701382598298
R6_high_expansion_high_friction,a150_mu060_g020,R6,19,cold,1816,0.4,727,0.4910591471801925,0.3795192645018054,0.0044958253050738,0.7759149344056802
R6_high_expansion_high_friction,a150_mu060_g020,R6,19,cold,1816,0.8,1453,0.4886441844459738,0.4792527201468362,0.0096339113680154,0.9804896185942396
R6_high_expansion_high_friction,a150_mu060_g020,R6,19,cold,1816,1.0,1816,0.4961453744493392,0.489195205221926,0.0102761721258831,1.0000000000000009
R6_high_expansion_high_friction,a150_mu060_g020,R6,19,hot,11207,0.01,113,0.4867256637168141,0.058571887156731,0.0032736044107512,0.1199388456479315
R6_high_expansion_high_friction,a150_mu060_g020,R6,19,hot,11207,0.02,225,0.5022222222222222,0.0997953624619647,0.0087870434183321,0.1995532809312993
R6_high_expansion_high_friction,a150_mu060_g020,R6,19,hot,11207,0.05,561,0.5169340463458111,0.1797200993052642,0.0311853893866299,0.3518401157231279
R6_high_expansion_high_friction,a150_mu060_g020,R6,19,hot,11207,0.1,1121,0.5307760927743087,0.2625825629343275,0.0553066850447966,0.503529511207929
R6_high_expansion_high_friction,a150_mu060_g020,R6,19,hot,11207,0.2,2242,0.5401427297056199,0.3594073222096563,0.0997587870434183,0.679347737773083
R6_high_expansion_high_friction,a150_mu060_g020,R6,19,hot,11207,0.4,4483,0.5358019183582422,0.4561468044718861,0.1722949689869055,0.8609212494326746
R6_high_expansion_high_friction,a150_mu060_g020,R6,19,hot,11207,0.8,8966,0.5398170867722507,0.52564740784635,0.3840454858718125,0.990547872783763
R6_high_expansion_high_friction,a150_mu060_g020,R6,19,hot,11207,1.0,11207,0.5575086999196931,0.5311970135725095,0.512749827705031,0.9999999999999974
R6_high_expansion_high_friction,a150_mu060_g020,R6,20,cold,4012,0.01,41,0.4878048780487805,0.0239169515799927,0.0011248593925759,0.0490799709078792
R6_high_expansion_high_friction,a150_mu060_g020,R6,20,cold,4012,0.02,81,0.4938271604938271,0.0430651123270249,0.0018747656542932,0.087372824257685
R6_high_expansion_high_friction,a150_mu060_g020,R6,20,cold,4012,0.05,201,0.4875621890547263,0.0892204099622816,0.0022497187851518,0.1828884103685073
R6_high_expansion_high_friction,a150_mu060_g020,R6,20,cold,4012,0.1,402,0.4900497512437811,0.1518102006236461,0.0044994375703037,0.3099686516018866
R6_high_expansion_high_friction,a150_mu060_g020,R6,20,cold,4012,0.2,803,0.4919053549190536,0.2463232271526837,0.0097487814023247,0.5014870147403493
R6_high_expansion_high_friction,a150_mu060_g020,R6,20,cold,4012,0.4,1605,0.4934579439252336,0.3704248304387634,0.0284964379452568,0.7524156618710173
R6_high_expansion_high_friction,a150_mu060_g020,R6,20,cold,4012,0.8,3210,0.5034267912772585,0.4865209263102234,0.1016122984626921,0.9793797842852584
R6_high_expansion_high_friction,a150_mu060_g020,R6,20,cold,4012,1.0,4012,0.5129611166500498,0.4976826937634754,0.1214848143982002,1.0000000000000009
R6_high_expansion_high_friction,a150_mu060_g020,R6,20,hot,20360,0.01,204,0.4950980392156863,0.032853155190643,0.0029518314772574,0.0663127860193761
R6_high_expansion_high_friction,a150_mu060_g020,R6,20,hot,20360,0.02,408,0.4975490196078431,0.0558576715720405,0.006842882060915,0.1123548300636066
R6_high_expansion_high_friction,a150_mu060_g020,R6,20,hot,20360,0.05,1018,0.5009823182711198,0.1090085915527157,0.0136857641218301,0.2179173318125329
R6_high_expansion_high_friction,a150_mu060_g020,R6,20,hot,20360,0.1,2036,0.5108055009823183,0.1762110702756086,0.0613175902321212,0.3468245270323167
R6_high_expansion_high_friction,a150_mu060_g020,R6,20,hot,20360,0.2,4072,0.5238212180746562,0.2739743806072451,0.1504092311820743,0.5290489215537115
R6_high_expansion_high_friction,a150_mu060_g020,R6,20,hot,20360,0.4,8144,0.5535363457760314,0.4108654920437298,0.3206762377566081,0.7644964833020255
R6_high_expansion_high_friction,a150_mu060_g020,R6,20,hot,20360,0.8,16288,0.6135191552062869,0.5519836819512411,0.7712330605125453,0.978802605384814
R6_high_expansion_high_friction,a150_mu060_g020,R6,20,hot,20360,1.0,20360,0.6483300589390962,0.5681412619786992,0.9037971286730176,1.000000000000004
R6_high_expansion_high_friction,a150_mu060_g020,R6,21,cold,2042,0.01,21,0.4761904761904761,0.0244174232099053,0.0011911852293031,0.0513231438671522
R6_high_expansion_high_friction,a150_mu060_g020,R6,21,cold,2042,0.02,41,0.4878048780487805,0.0439774828111365,0.0011911852293031,0.0905398394518681
R6_high_expansion_high_friction,a150_mu060_g020,R6,21,cold,2042,0.05,103,0.4854368932038835,0.092349182870367,0.0017867778439547,0.1906660005134848
R6_high_expansion_high_friction,a150_mu060_g020,R6,21,cold,2042,0.1,205,0.4975609756097561,0.1576516426626549,0.0023823704586063,0.3191004896886749
R6_high_expansion_high_friction,a150_mu060_g020,R6,21,cold,2042,0.2,409,0.4889975550122249,0.2484598429756171,0.0029779630732578,0.5086769336055265
R6_high_expansion_high_friction,a150_mu060_g020,R6,21,cold,2042,0.4,817,0.4932680538555691,0.376091927952575,0.004169148302561,0.7654942286287391
R6_high_expansion_high_friction,a150_mu060_g020,R6,21,cold,2042,0.8,1634,0.49265605875153,0.4824625691805833,0.008338296605122,0.982188878156198
R6_high_expansion_high_friction,a150_mu060_g020,R6,21,cold,2042,1.0,2042,0.4965719882468168,0.4910615667723201,0.0089338892197736,1.0000000000000009
R6_high_expansion_high_friction,a150_mu060_g020,R6,21,hot,10459,0.01,105,0.4857142857142857,0.0543774780286576,0.0024526979677645,0.1118349530782756
R6_high_expansion_high_friction,a150_mu060_g020,R6,21,hot,10459,0.02,210,0.4952380952380952,0.0867474808413083,0.0042046250875963,0.1757643398848871
R6_high_expansion_high_friction,a150_mu060_g020,R6,21,hot,10459,0.05,523,0.5009560229445507,0.1514052412347141,0.0131394533987386,0.3039809168623694
R6_high_expansion_high_friction,a150_mu060_g020,R6,21,hot,10459,0.1,1046,0.5076481835564054,0.2245037653652806,0.0404695164681149,0.4465866622223914
R6_high_expansion_high_friction,a150_mu060_g020,R6,21,hot,10459,0.2,2092,0.5195984703632888,0.3239038732034073,0.0981079187105816,0.633047885340078
R6_high_expansion_high_friction,a150_mu060_g020,R6,21,hot,10459,0.4,4184,0.529397705544933,0.4357773093761841,0.1758934828311142,0.840254481889713
R6_high_expansion_high_friction,a150_mu060_g020,R6,21,hot,10459,0.8,8368,0.5325047801147228,0.5152124679273775,0.3589698668535389,0.9891037864684186
R6_high_expansion_high_friction,a150_mu060_g020,R6,21,hot,10459,1.0,10459,0.5462281288842146,0.5213675630709768,0.4775753328661528,1.000000000000002
R6_high_expansion_high_friction,a150_mu060_g020,R6,22,cold,4153,0.01,42,0.4523809523809524,0.0199593977912162,0.0017914725904693,0.0438706827771949
R6_high_expansion_high_friction,a150_mu060_g020,R6,22,cold,4153,0.02,84,0.4761904761904761,0.038519147737331,0.0017914725904693,0.0809373231774118
R6_high_expansion_high_friction,a150_mu060_g020,R6,22,cold,4153,0.05,208,0.4855769230769231,0.0844640764857306,0.0028663561447509,0.1742785853310378
R6_high_expansion_high_friction,a150_mu060_g020,R6,22,cold,4153,0.1,416,0.4879807692307692,0.1471407211148318,0.005374417771408,0.3019268739322289
R6_high_expansion_high_friction,a150_mu060_g020,R6,22,cold,4153,0.2,831,0.4873646209386281,0.2414804105238228,0.0143317807237549,0.495415355206699
R6_high_expansion_high_friction,a150_mu060_g020,R6,22,cold,4153,0.4,1662,0.4939831528279181,0.3717333752851047,0.0272303833751343,0.7550167286596631
R6_high_expansion_high_friction,a150_mu060_g020,R6,22,cold,4153,0.8,3323,0.5031597953656335,0.4876050851141219,0.1350770333213901,0.981155294563969
R6_high_expansion_high_friction,a150_mu060_g020,R6,22,cold,4153,1.0,4153,0.5095111967252588,0.4972174080977942,0.1934790397706915,0.9999999999999988
R6_high_expansion_high_friction,a150_mu060_g020,R6,22,hot,19496,0.01,195,0.4923076923076923,0.032792574859104,0.0019081368406705,0.0664760343218276
R6_high_expansion_high_friction,a150_mu060_g020,R6,22,hot,19496,0.02,390,0.4974358974358974,0.0555073801320113,0.0025896142837672,0.1116675633905814
R6_high_expansion_high_friction,a150_mu060_g020,R6,22,hot,19496,0.05,975,0.4943589743589743,0.1069798194724956,0.0107673436009268,0.2162509088105385
R6_high_expansion_high_friction,a150_mu060_g020,R6,22,hot,19496,0.1,1950,0.5107692307692308,0.1761959069431491,0.0682840397982826,0.3479505024368108
R6_high_expansion_high_friction,a150_mu060_g020,R6,22,hot,19496,0.2,3900,0.5276923076923077,0.277361871388401,0.1418836036527191,0.5339334731618555
R6_high_expansion_high_friction,a150_mu060_g020,R6,22,hot,19496,0.4,7799,0.5485318630593666,0.4113619849365851,0.3279269456181,0.769632502899519
R6_high_expansion_high_friction,a150_mu060_g020,R6,22,hot,19496,0.8,15597,0.6061422068346477,0.5487890203892364,0.7533051655990187,0.9800284892681989
R6_high_expansion_high_friction,a150_mu060_g020,R6,22,hot,19496,1.0,19496,0.6412084530160033,0.563898897541831,0.8793784925718958,0.9999999999999922
R6_high_expansion_high_friction,a150_mu060_g020,R6,23,cold,2022,0.01,21,0.4761904761904761,0.0273092997476257,0.0012187690432663,0.0570254162835159
R6_high_expansion_high_friction,a150_mu060_g020,R6,23,cold,2022,0.02,41,0.4634146341463415,0.0447314429114916,0.0012187690432663,0.0957847530078696
R6_high_expansion_high_friction,a150_mu060_g020,R6,23,cold,2022,0.05,102,0.4901960784313725,0.0960365872343769,0.0012187690432663,0.1965337613514894
R6_high_expansion_high_friction,a150_mu060_g020,R6,23,cold,2022,0.1,203,0.4876847290640394,0.1601700054027679,0.0024375380865326,0.3291197025924322
R6_high_expansion_high_friction,a150_mu060_g020,R6,23,cold,2022,0.2,405,0.4864197530864197,0.2575308855151475,0.0036563071297989,0.5295308784551641
R6_high_expansion_high_friction,a150_mu060_g020,R6,23,cold,2022,0.4,809,0.4932014833127318,0.3846055454407612,0.0073126142595978,0.7838422962652555
R6_high_expansion_high_friction,a150_mu060_g020,R6,23,cold,2022,0.8,1618,0.4901112484548826,0.4818678298149635,0.0140158439975624,0.9832302427414028
R6_high_expansion_high_friction,a150_mu060_g020,R6,23,cold,2022,1.0,2022,0.4975272007912957,0.4904666468165071,0.016453382084095,1.0000000000000024
R6_high_expansion_high_friction,a150_mu060_g020,R6,23,hot,10827,0.01,109,0.4954128440366973,0.0607950681996911,0.0023004777915413,0.1226932883052569
R6_high_expansion_high_friction,a150_mu060_g020,R6,23,hot,10827,0.02,217,0.4976958525345622,0.099700294648476,0.0092019111661652,0.2004255833209983
R6_high_expansion_high_friction,a150_mu060_g020,R6,23,hot,10827,0.05,542,0.5202952029520295,0.1792728766766941,0.038046363475491,0.349902902485607
R6_high_expansion_high_friction,a150_mu060_g020,R6,23,hot,10827,0.1,1083,0.5364727608494921,0.257436404764324,0.0601663422403114,0.4903775686582028
R6_high_expansion_high_friction,a150_mu060_g020,R6,23,hot,10827,0.2,2166,0.5337026777469991,0.3482920612489054,0.1001592638471067,0.6611050699918612
R6_high_expansion_high_friction,a150_mu060_g020,R6,23,hot,10827,0.4,4331,0.5372893096282614,0.4497844729693983,0.1967793310918421,0.8490471214623183
R6_high_expansion_high_friction,a150_mu060_g020,R6,23,hot,10827,0.8,8662,0.5432925421380743,0.5269867583283079,0.4275349495664484,0.9895448566138674
R6_high_expansion_high_friction,a150_mu060_g020,R6,23,hot,10827,1.0,10827,0.5586034912718204,0.5331340798740144,0.5172535834365599,1.0000000000000029
R6_high_expansion_high_friction,a150_mu060_g020,R6,24,cold,3640,0.01,37,0.4594594594594595,0.0228248696241202,0.0011834319526627,0.049302870616272
R6_high_expansion_high_friction,a150_mu060_g020,R6,24,cold,3640,0.02,73,0.4794520547945205,0.0416837646580471,0.0011834319526627,0.0868829593370087
R6_high_expansion_high_friction,a150_mu060_g020,R6,24,cold,3640,0.05,182,0.478021978021978,0.0872295536883161,0.0023668639053254,0.1821040820091482
R6_high_expansion_high_friction,a150_mu060_g020,R6,24,cold,3640,0.1,364,0.4862637362637362,0.1521644516646558,0.0055226824457593,0.3130693696113997
R6_high_expansion_high_friction,a150_mu060_g020,R6,24,cold,3640,0.2,728,0.4945054945054945,0.2528250479718134,0.0118343195266272,0.5135415224289486
R6_high_expansion_high_friction,a150_mu060_g020,R6,24,cold,3640,0.4,1456,0.4972527472527472,0.3816479266570002,0.0457593688362919,0.7718375237800006
R6_high_expansion_high_friction,a150_mu060_g020,R6,24,cold,3640,0.8,2912,0.498282967032967,0.4859831237440042,0.0848126232741617,0.9817497144586368
R6_high_expansion_high_friction,a150_mu060_g020,R6,24,cold,3640,1.0,3640,0.5052197802197802,0.495308090484856,0.1353057199211045,0.999999999999998
R6_high_expansion_high_friction,a150_mu060_g020,R6,24,hot,19430,0.01,195,0.4974358974358974,0.039317613399132,0.0038631346578366,0.0790053884991905
R6_high_expansion_high_friction,a150_mu060_g020,R6,24,hot,19430,0.02,389,0.5012853470437018,0.0653766297673341,0.0081401766004415,0.1305675144259148
R6_high_expansion_high_friction,a150_mu060_g020,R6,24,hot,19430,0.05,972,0.5061728395061729,0.1229510153640619,0.0231788079470198,0.2436484307634943
R6_high_expansion_high_friction,a150_mu060_g020,R6,24,hot,19430,0.1,1943,0.514668039114771,0.1916236064411506,0.0807119205298013,0.3750915451800574
R6_high_expansion_high_friction,a150_mu060_g020,R6,24,hot,19430,0.2,3886,0.5344827586206896,0.2930085875721214,0.1484547461368653,0.5580738650258817
R6_high_expansion_high_friction,a150_mu060_g020,R6,24,hot,19430,0.4,7772,0.5584148224395266,0.4239593844612832,0.3352649006622517,0.7839082135765836
R6_high_expansion_high_friction,a150_mu060_g020,R6,24,hot,19430,0.8,15544,0.6106536284096757,0.5522015541389764,0.7504139072847682,0.9813407214294853
R6_high_expansion_high_friction,a150_mu060_g020,R6,24,hot,19430,1.0,19430,0.644004117344313,0.5662155626172157,0.8865894039735099,1.0000000000000056
R6_high_expansion_high_friction,a150_mu060_g020,R6,25,cold,1897,0.01,19,0.4736842105263157,0.0315784471366853,0.0012610340479192,0.0659938718215341
R6_high_expansion_high_friction,a150_mu060_g020,R6,25,cold,1897,0.02,38,0.4736842105263157,0.0516845263121114,0.0012610340479192,0.1078351918888885
R6_high_expansion_high_friction,a150_mu060_g020,R6,25,cold,1897,0.05,95,0.4736842105263157,0.0983821603015473,0.0025220680958385,0.2064840417566197
R6_high_expansion_high_friction,a150_mu060_g020,R6,25,cold,1897,0.1,190,0.4947368421052631,0.1655267263073739,0.0025220680958385,0.3366182489693425
R6_high_expansion_high_friction,a150_mu060_g020,R6,25,cold,1897,0.2,380,0.4894736842105263,0.2610206521423416,0.0025220680958385,0.534706680451887
R6_high_expansion_high_friction,a150_mu060_g020,R6,25,cold,1897,0.4,759,0.4914361001317523,0.385338413967832,0.0037831021437578,0.7863611723641378
R6_high_expansion_high_friction,a150_mu060_g020,R6,25,cold,1897,0.8,1518,0.4907773386034255,0.4830647247199642,0.0063051702395964,0.9856128992661176
R6_high_expansion_high_friction,a150_mu060_g020,R6,25,cold,1897,1.0,1897,0.4971006852925672,0.4901147732390293,0.0107187894073139,1.0000000000000009
R6_high_expansion_high_friction,a150_mu060_g020,R6,25,hot,9644,0.01,97,0.4948453608247423,0.0434319673643714,0.0014992503748125,0.0879946670492288
R6_high_expansion_high_friction,a150_mu060_g020,R6,25,hot,9644,0.02,193,0.4974093264248704,0.0725497969455535,0.0020614692653673,0.1463311576509842
R6_high_expansion_high_friction,a150_mu060_g020,R6,25,hot,9644,0.05,483,0.4968944099378882,0.1405283336307991,0.0118065967016491,0.2834756794905255
R6_high_expansion_high_friction,a150_mu060_g020,R6,25,hot,9644,0.1,965,0.5139896373056995,0.2225773225693528,0.0515367316341829,0.4381924442646911
R6_high_expansion_high_friction,a150_mu060_g020,R6,25,hot,9644,0.2,1929,0.5313634007257646,0.3279591902085791,0.0920164917541229,0.6306393000053823
R6_high_expansion_high_friction,a150_mu060_g020,R6,25,hot,9644,0.4,3858,0.5308449974079834,0.4385866683616858,0.1656671664167916,0.8392328562852648
R6_high_expansion_high_friction,a150_mu060_g020,R6,25,hot,9644,0.8,7716,0.5305857957490928,0.5179989992456312,0.3515742128935532,0.9892639241287108
R6_high_expansion_high_friction,a150_mu060_g020,R6,25,hot,9644,1.0,9644,0.5458316051430941,0.5240943730922585,0.4666416791604197,1.0000000000000004
R6_high_expansion_high_friction,a150_mu060_g020,R6,26,cold,4981,0.01,50,0.48,0.0227414836777672,0.0009759271307742,0.0473159263971768
R6_high_expansion_high_friction,a150_mu060_g020,R6,26,cold,4981,0.02,100,0.48,0.0408808779334256,0.001626545217957,0.0850010235914767
R6_high_expansion_high_friction,a150_mu060_g020,R6,26,cold,4981,0.05,250,0.492,0.0873327188124489,0.0032530904359141,0.1778045000891488
R6_high_expansion_high_friction,a150_mu060_g020,R6,26,cold,4981,0.1,499,0.4929859719438877,0.1490653268119736,0.0068314899154196,0.302981565434085
R6_high_expansion_high_friction,a150_mu060_g020,R6,26,cold,4981,0.2,997,0.4944834503510532,0.2454915948161193,0.0175666883539362,0.4974589167649472
R6_high_expansion_high_friction,a150_mu060_g020,R6,26,cold,4981,0.4,1993,0.4982438534872052,0.3750248517959661,0.0422901756668835,0.7553553543167397
R6_high_expansion_high_friction,a150_mu060_g020,R6,26,cold,4981,0.8,3985,0.5189460476787955,0.4945692148635966,0.269355888093689,0.9801981988169216
R6_high_expansion_high_friction,a150_mu060_g020,R6,26,cold,4981,1.0,4981,0.527604898614736,0.5054928262118671,0.3194534808067664,0.9999999999999964
R6_high_expansion_high_friction,a150_mu060_g020,R6,26,hot,18572,0.01,186,0.5,0.0394602765246866,0.0036624876743203,0.0789194206721365
R6_high_expansion_high_friction,a150_mu060_g020,R6,26,hot,18572,0.02,372,0.5,0.0655844912310249,0.0061980560642343,0.1310639669137153
R6_high_expansion_high_friction,a150_mu060_g020,R6,26,hot,18572,0.05,929,0.5145317545748116,0.1275198261930335,0.0215523313142696,0.2490840468002477
R6_high_expansion_high_friction,a150_mu060_g020,R6,26,hot,18572,0.1,1858,0.5301399354144241,0.2016685200941969,0.0705733201859416,0.3850828943747046
R6_high_expansion_high_friction,a150_mu060_g020,R6,26,hot,18572,0.2,3715,0.5340511440107671,0.2991372413227218,0.1312860966333286,0.5666381175216547
R6_high_expansion_high_friction,a150_mu060_g020,R6,26,hot,18572,0.4,7429,0.5483914389554448,0.4256436256678045,0.3179321031131145,0.7926015432363928
R6_high_expansion_high_friction,a150_mu060_g020,R6,26,hot,18572,0.8,14858,0.6035132588504509,0.5476332572476001,0.7303845612058036,0.982165156388365
R6_high_expansion_high_friction,a150_mu060_g020,R6,26,hot,18572,1.0,18572,0.6384342020245531,0.5609245927785417,0.8636427665868432,0.9999999999999968
R6_high_expansion_high_friction,a150_mu060_g020,R6,27,cold,2040,0.01,21,0.4761904761904761,0.0270438807216019,0.0011961722488038,0.0565906180306594
R6_high_expansion_high_friction,a150_mu060_g020,R6,27,cold,2040,0.02,41,0.4878048780487805,0.0462746466341933,0.0011961722488038,0.0950893091117582
R6_high_expansion_high_friction,a150_mu060_g020,R6,27,cold,2040,0.05,102,0.4803921568627451,0.0917582976461793,0.0017942583732057,0.1907331530444391
R6_high_expansion_high_friction,a150_mu060_g020,R6,27,cold,2040,0.1,204,0.4852941176470588,0.1536735087729254,0.0023923444976076,0.3167284443805192
R6_high_expansion_high_friction,a150_mu060_g020,R6,27,cold,2040,0.2,408,0.4852941176470588,0.2472103432316048,0.0023923444976076,0.5094530468165398
R6_high_expansion_high_friction,a150_mu060_g020,R6,27,cold,2040,0.4,816,0.4926470588235294,0.3748385922912891,0.0041866028708133,0.7641089024229223
R6_high_expansion_high_friction,a150_mu060_g020,R6,27,cold,2040,0.8,1632,0.4914215686274509,0.4793177026912591,0.0125598086124401,0.9781104657310568
R6_high_expansion_high_friction,a150_mu060_g020,R6,27,cold,2040,1.0,2040,0.4965686274509804,0.4901711678738676,0.0143540669856459,1.0000000000000029
R6_high_expansion_high_friction,a150_mu060_g020,R6,27,hot,10233,0.01,103,0.4951456310679611,0.0516706065056643,0.0034339418037231,0.1043631659933853
R6_high_expansion_high_friction,a150_mu060_g020,R6,27,hot,10233,0.02,205,0.5024390243902439,0.0804903986049739,0.0081330200614494,0.1608591366465378
R6_high_expansion_high_friction,a150_mu060_g020,R6,27,hot,10233,0.05,512,0.4921875,0.1409475322933839,0.0178926441351888,0.2851486167405254
R6_high_expansion_high_friction,a150_mu060_g020,R6,27,hot,10233,0.1,1024,0.5146484375,0.220097382478743,0.056750406651003,0.4322911499023408
R6_high_expansion_high_friction,a150_mu060_g020,R6,27,hot,10233,0.2,2047,0.5271128480703469,0.3213350746131105,0.1008494487619736,0.6205811319234256
R6_high_expansion_high_friction,a150_mu060_g020,R6,27,hot,10233,0.4,4094,0.5302882266731803,0.4323934787416746,0.1727814928610157,0.8287328206270294
R6_high_expansion_high_friction,a150_mu060_g020,R6,27,hot,10233,0.8,8187,0.5340173445706609,0.5166409380261514,0.3842400144587023,0.986939545875834
R6_high_expansion_high_friction,a150_mu060_g020,R6,27,hot,10233,1.0,10233,0.5501807876478061,0.5242144997886438,0.5029821073558648,1.0000000000000058
R6_high_expansion_high_friction,a150_mu060_g020,R6,28,cold,4241,0.01,43,0.4883720930232558,0.0221854949302953,0.002092050209205,0.045509547714854
R6_high_expansion_high_friction,a150_mu060_g020,R6,28,cold,4241,0.02,85,0.4823529411764706,0.0402094683270656,0.002092050209205,0.0833737407522047
R6_high_expansion_high_friction,a150_mu060_g020,R6,28,cold,4241,0.05,213,0.4929577464788732,0.0882906881834584,0.002092050209205,0.1796369288933823
R6_high_expansion_high_friction,a150_mu060_g020,R6,28,cold,4241,0.1,425,0.4870588235294117,0.1486708033583546,0.0038354253835425,0.3053184262740296
R6_high_expansion_high_friction,a150_mu060_g020,R6,28,cold,4241,0.2,849,0.4899882214369846,0.2439562234053029,0.007670850767085,0.4984108797133117
R6_high_expansion_high_friction,a150_mu060_g020,R6,28,cold,4241,0.4,1697,0.4920447849145551,0.3712131570660626,0.0115062761506276,0.7561030763423274
R6_high_expansion_high_friction,a150_mu060_g020,R6,28,cold,4241,0.8,3393,0.4983790156203949,0.4840777721367246,0.0774058577405857,0.980366646984683
R6_high_expansion_high_friction,a150_mu060_g020,R6,28,cold,4241,1.0,4241,0.5076632869606225,0.4939481584000531,0.1345885634588563,0.9999999999999996
R6_high_expansion_high_friction,a150_mu060_g020,R6,28,hot,18397,0.01,184,0.5054347826086957,0.0441321974874064,0.0052541891508094,0.0875755218722411
R6_high_expansion_high_friction,a150_mu060_g020,R6,28,hot,18397,0.02,368,0.5108695652173914,0.0735072295907597,0.0093723374041465,0.1443173374283013
R6_high_expansion_high_friction,a150_mu060_g020,R6,28,hot,18397,0.05,920,0.5217391304347826,0.1357994214070137,0.040613462084635,0.2621343622851835
R6_high_expansion_high_friction,a150_mu060_g020,R6,28,hot,18397,0.1,1840,0.5320652173913043,0.206583667479658,0.0728486225504118,0.3924561094794868
R6_high_expansion_high_friction,a150_mu060_g020,R6,28,hot,18397,0.2,3680,0.5347826086956522,0.3032386289375646,0.1198523146833286,0.572044618443988
R6_high_expansion_high_friction,a150_mu060_g020,R6,28,hot,18397,0.4,7359,0.5454545454545454,0.4249968585276786,0.3071570576540755,0.791488485674665
R6_high_expansion_high_friction,a150_mu060_g020,R6,28,hot,18397,0.8,14718,0.6019160211985324,0.5473341405141788,0.7314683328599829,0.9820209965127628
R6_high_expansion_high_friction,a150_mu060_g020,R6,28,hot,18397,1.0,18397,0.63765831385552,0.5610061453049922,0.8616870207327464,0.9999999999999928
R6_high_expansion_high_friction,a150_mu060_g020,R6,29,cold,2098,0.01,21,0.4285714285714285,0.02388655474992,0.0011968880909634,0.0542476365542021
R6_high_expansion_high_friction,a150_mu060_g020,R6,29,cold,2098,0.02,42,0.4523809523809524,0.0422950220684356,0.0017953321364452,0.0923748201197279
R6_high_expansion_high_friction,a150_mu060_g020,R6,29,cold,2098,0.05,105,0.4952380952380952,0.0939109852154151,0.0017953321364452,0.1911308865085454
R6_high_expansion_high_friction,a150_mu060_g020,R6,29,cold,2098,0.1,210,0.4857142857142857,0.1544460261617195,0.0017953321364452,0.3182779009281846
R6_high_expansion_high_friction,a150_mu060_g020,R6,29,cold,2098,0.2,420,0.4928571428571429,0.2502201738575636,0.0023937761819269,0.5102602299221098
R6_high_expansion_high_friction,a150_mu060_g020,R6,29,cold,2098,0.4,840,0.4869047619047619,0.3709199736643872,0.0053859964093357,0.7604951492706836
R6_high_expansion_high_friction,a150_mu060_g020,R6,29,cold,2098,0.8,1679,0.4901727218582489,0.4820325036898588,0.0083782166367444,0.9832245138245262
R6_high_expansion_high_friction,a150_mu060_g020,R6,29,cold,2098,1.0,2098,0.4985700667302192,0.4906111622400992,0.0131657690005984,1.000000000000002
R6_high_expansion_high_friction,a150_mu060_g020,R6,29,hot,8817,0.01,89,0.4831460674157303,0.0467098546138873,0.0027662517289073,0.0966401880832208
R6_high_expansion_high_friction,a150_mu060_g020,R6,29,hot,8817,0.02,177,0.4915254237288136,0.0796586537731263,0.0061252716854376,0.1621194771617992
R6_high_expansion_high_friction,a150_mu060_g020,R6,29,hot,8817,0.05,441,0.5034013605442177,0.1508349315684288,0.0213396561944279,0.3009099557723656
R6_high_expansion_high_friction,a150_mu060_g020,R6,29,hot,8817,0.1,882,0.5170068027210885,0.2308835502890226,0.0557202133965619,0.4518542907468096
R6_high_expansion_high_friction,a150_mu060_g020,R6,29,hot,8817,0.2,1764,0.5260770975056689,0.3331864941067662,0.0966212211025489,0.6427123933195159
R6_high_expansion_high_friction,a150_mu060_g020,R6,29,hot,8817,0.4,3527,0.5284944712220017,0.4417762336381737,0.1612329579134558,0.8466610821843921
R6_high_expansion_high_friction,a150_mu060_g020,R6,29,hot,8817,0.8,7054,0.52792741706833,0.5171948872931686,0.316340644141474,0.9894194995305788
R6_high_expansion_high_friction,a150_mu060_g020,R6,29,hot,8817,1.0,8817,0.540886922989679,0.5230798567864641,0.4224461568859909,1.0000000000000036
R6_high_expansion_high_friction,a150_mu060_g020,R6,30,cold,3680,0.01,37,0.4594594594594595,0.022161132549937,0.0011534025374855,0.0477950297962212
R6_high_expansion_high_friction,a150_mu060_g020,R6,30,cold,3680,0.02,74,0.4864864864864865,0.0418164527855764,0.0011534025374855,0.0861047208145685
R6_high_expansion_high_friction,a150_mu060_g020,R6,30,cold,3680,0.05,184,0.4782608695652174,0.0873722016260175,0.0026912725874663,0.1821154352655815
R6_high_expansion_high_friction,a150_mu060_g020,R6,30,cold,3680,0.1,368,0.4864130434782608,0.1498059522744062,0.0026912725874663,0.3078570556278235
R6_high_expansion_high_friction,a150_mu060_g020,R6,30,cold,3680,0.2,736,0.4932065217391304,0.2464979269932175,0.0084582852748942,0.501478833584237
R6_high_expansion_high_friction,a150_mu060_g020,R6,30,cold,3680,0.4,1472,0.4938858695652174,0.3740708465934698,0.0192233756247597,0.7601939659973598
R6_high_expansion_high_friction,a150_mu060_g020,R6,30,cold,3680,0.8,2944,0.4962635869565217,0.4833578415533316,0.0545943867743175,0.9805561276359128
R6_high_expansion_high_friction,a150_mu060_g020,R6,30,cold,3680,1.0,3680,0.5035326086956522,0.4933516104947691,0.0661284121491734,1.000000000000001
R6_high_expansion_high_friction,a150_mu060_g020,R6,30,hot,18353,0.01,184,0.4891304347826087,0.0426673340138166,0.0027851274195794,0.0868186459116327
R6_high_expansion_high_friction,a150_mu060_g020,R6,30,hot,18353,0.02,368,0.4945652173913043,0.0706845899785662,0.0140648934688762,0.1425953771722083
R6_high_expansion_high_friction,a150_mu060_g020,R6,30,hot,18353,0.05,918,0.5228758169934641,0.1347417522483653,0.0384347583901963,0.2607640646112419
R6_high_expansion_high_friction,a150_mu060_g020,R6,30,hot,18353,0.1,1836,0.5288671023965141,0.2044933651406842,0.0622475978276006,0.3914336939246124
R6_high_expansion_high_friction,a150_mu060_g020,R6,30,hot,18353,0.2,3671,0.5352764914192318,0.3003893699897915,0.110151789444367,0.568397863740882
R6_high_expansion_high_friction,a150_mu060_g020,R6,30,hot,18353,0.4,7342,0.5453554889675838,0.4233368138245973,0.2854755605068932,0.7909707274139752
R6_high_expansion_high_friction,a150_mu060_g020,R6,30,hot,18353,0.8,14683,0.5973574882517196,0.5442690650207146,0.7223227962679293,0.9817179552253296
R6_high_expansion_high_friction,a150_mu060_g020,R6,30,hot,18353,1.0,18353,0.6305236201166022,0.557718416897255,0.8590725525692801,0.9999999999999988
R6_closed_high_expansion_high_friction,a150_mu060_g000,R6c,1,cold,2449,0.01,25,0.44,0.0224158000280273,0.000943396226415,0.0505495616973505
R6_closed_high_expansion_high_friction,a150_mu060_g000,R6c,1,cold,2449,0.02,49,0.4897959183673469,0.0441305132582871,0.0014150943396226,0.0903562289365652
R6_closed_high_expansion_high_friction,a150_mu060_g000,R6c,1,cold,2449,0.05,123,0.4878048780487805,0.0947664481568297,0.0014150943396226,0.1948682550432158
R6_closed_high_expansion_high_friction,a150_mu060_g000,R6c,1,cold,2449,0.1,245,0.4857142857142857,0.1593468533478729,0.0014150943396226,0.3282304467427681
R6_closed_high_expansion_high_friction,a150_mu060_g000,R6c,1,cold,2449,0.2,490,0.4897959183673469,0.2545888520708699,0.0018867924528301,0.5207162785344163
R6_closed_high_expansion_high_friction,a150_mu060_g000,R6c,1,cold,2449,0.4,980,0.4877551020408163,0.3729796238729971,0.0028301886792452,0.7636540842280682
R6_closed_high_expansion_high_friction,a150_mu060_g000,R6c,1,cold,2449,0.8,1960,0.4964285714285714,0.4814173697001345,0.005188679245283,0.9796099176665404
R6_closed_high_expansion_high_friction,a150_mu060_g000,R6c,1,cold,2449,1.0,2449,0.4985708452429563,0.4911122918135238,0.005188679245283,1.0000000000000002
R6_closed_high_expansion_high_friction,a150_mu060_g000,R6c,1,hot,47765,0.01,478,0.497907949790795,0.017844538882276,0.0014372241043014,0.0358198989274139
R6_closed_high_expansion_high_friction,a150_mu060_g000,R6c,1,hot,47765,0.02,956,0.5010460251046025,0.0323750645010222,0.0040036957191253,0.0646385512731978
R6_closed_high_expansion_high_friction,a150_mu060_g000,R6c,1,hot,47765,0.05,2389,0.5073252406864797,0.0702219744381653,0.0277178934400985,0.1386505354620245
R6_closed_high_expansion_high_friction,a150_mu060_g000,R6c,1,hot,47765,0.1,4777,0.5145488800502407,0.12408165623954,0.065188379016528,0.2418878349945076
R6_closed_high_expansion_high_friction,a150_mu060_g000,R6c,1,hot,47765,0.2,9553,0.5496702606511044,0.2228160852488128,0.3586900728877938,0.4112812853925541
R6_closed_high_expansion_high_friction,a150_mu060_g000,R6c,1,hot,47765,0.4,19106,0.6453993509892181,0.4111329816361284,0.6724155630838723,0.6670692565700854
R6_closed_high_expansion_high_friction,a150_mu060_g000,R6c,1,hot,47765,0.8,38212,0.7635036114309641,0.6674383854024686,0.9270095472744072,0.9606720320887444
R6_closed_high_expansion_high_friction,a150_mu060_g000,R6c,1,hot,47765,1.0,47765,0.7962734219616874,0.7042378904175404,0.9981521404373268,0.99999999999999
R6_closed_high_expansion_high_friction,a150_mu060_g000,R6c,2,cold,3075,0.01,31,0.4838709677419355,0.0235657078923609,0.0009041591320072,0.048794972739683
R6_closed_high_expansion_high_friction,a150_mu060_g000,R6c,2,cold,3075,0.02,62,0.4838709677419355,0.0428520329748108,0.0013562386980108,0.0886377585999661
R6_closed_high_expansion_high_friction,a150_mu060_g000,R6c,2,cold,3075,0.05,154,0.474025974025974,0.0888694556220302,0.0018083182640144,0.1869075660264507
R6_closed_high_expansion_high_friction,a150_mu060_g000,R6c,2,cold,3075,0.1,308,0.4902597402597403,0.1584424777298739,0.002260397830018,0.324017128662772
R6_closed_high_expansion_high_friction,a150_mu060_g000,R6c,2,cold,3075,0.2,615,0.4894308943089431,0.2560133779769412,0.0045207956600361,0.5236118244528145
R6_closed_high_expansion_high_friction,a150_mu060_g000,R6c,2,cold,3075,0.4,1230,0.4943089430894309,0.382558464344037,0.011754068716094,0.7774087016015468
R6_closed_high_expansion_high_friction,a150_mu060_g000,R6c,2,cold,3075,0.8,2460,0.4934959349593495,0.4833327587567356,0.0167269439421338,0.9827704910295132
R6_closed_high_expansion_high_friction,a150_mu060_g000,R6c,2,cold,3075,1.0,3075,0.5004878048780488,0.4918260650357001,0.0167269439421338,1.0
R6_closed_high_expansion_high_friction,a150_mu060_g000,R6c,2,hot,47082,0.01,471,0.4989384288747346,0.0170543769585792,0.0009223201475712,0.0341763104848432
R6_closed_high_expansion_high_friction,a150_mu060_g000,R6c,2,hot,47082,0.02,942,0.4989384288747346,0.0314353919868422,0.0016396802623488,0.0629929295917312
R6_closed_high_expansion_high_friction,a150_mu060_g000,R6c,2,hot,47082,0.05,2355,0.4997876857749469,0.0685439747950028,0.0111703217872514,0.1371425701753706
R6_closed_high_expansion_high_friction,a150_mu060_g000,R6c,2,hot,47082,0.1,4709,0.5109365045657253,0.1230525023403844,0.0879278540684566,0.2415958782208566
R6_closed_high_expansion_high_friction,a150_mu060_g000,R6c,2,hot,47082,0.2,9417,0.5430604226399065,0.2213456781888594,0.3353146136503382,0.4130492000350219
R6_closed_high_expansion_high_friction,a150_mu060_g000,R6c,2,hot,47082,0.4,18833,0.639993628205809,0.410097340524954,0.6786226685796269,0.6710605766858833
R6_closed_high_expansion_high_friction,a150_mu060_g000,R6c,2,hot,47082,0.8,37666,0.7618541921095948,0.6652526780925897,0.9187333469973356,0.9628646918555348
R6_closed_high_expansion_high_friction,a150_mu060_g000,R6c,2,hot,47082,1.0,47082,0.7930206873114991,0.699659731071098,0.9975404796064768,1.000000000000001
R6_closed_high_expansion_high_friction,a150_mu060_g000,R6c,3,cold,3755,0.01,38,0.4736842105263157,0.0217925853033664,0.0012200081333875,0.0460146657069152
R6_closed_high_expansion_high_friction,a150_mu060_g000,R6c,3,cold,3755,0.02,76,0.4736842105263157,0.0403272495981177,0.0016266775111834,0.0849442131670694
R6_closed_high_expansion_high_friction,a150_mu060_g000,R6c,3,cold,3755,0.05,188,0.4893617021276595,0.0880488080895855,0.0020333468889792,0.1802659006681403
R6_closed_high_expansion_high_friction,a150_mu060_g000,R6c,3,cold,3755,0.1,376,0.4893617021276595,0.1505597695866507,0.0024400162667751,0.3079657090372593
R6_closed_high_expansion_high_friction,a150_mu060_g000,R6c,3,cold,3755,0.2,751,0.4913448735019973,0.2466648780131229,0.0040666937779585,0.5029294839381196
R6_closed_high_expansion_high_friction,a150_mu060_g000,R6c,3,cold,3755,0.4,1502,0.4940079893475366,0.3732970920445196,0.008133387555917,0.758252752512664
R6_closed_high_expansion_high_friction,a150_mu060_g000,R6c,3,cold,3755,0.8,3004,0.4956724367509986,0.4839928741866227,0.0483936559577063,0.980809517930888
R6_closed_high_expansion_high_friction,a150_mu060_g000,R6c,3,cold,3755,1.0,3755,0.5051930758988016,0.4939486247145686,0.0797071980479869,0.999999999999997
R6_closed_high_expansion_high_friction,a150_mu060_g000,R6c,3,hot,45301,0.01,454,0.5,0.0189609592097714,0.0014416640922665,0.037926700785407
R6_closed_high_expansion_high_friction,a150_mu060_g000,R6c,3,hot,45301,0.02,907,0.4994487320837927,0.0341943198364962,0.0021624961383997,0.0684621707536675
R6_closed_high_expansion_high_friction,a150_mu060_g000,R6c,3,hot,45301,0.05,2266,0.5026478375992939,0.0736949484334435,0.0235815055092163,0.1467435017019004
R6_closed_high_expansion_high_friction,a150_mu060_g000,R6c,3,hot,45301,0.1,4531,0.5104833370116972,0.1300867610604066,0.076511172896715,0.255609146381923
R6_closed_high_expansion_high_friction,a150_mu060_g000,R6c,3,hot,45301,0.2,9061,0.5451936872309899,0.2317042960382447,0.3478529502625888,0.4315757800656048
R6_closed_high_expansion_high_friction,a150_mu060_g000,R6c,3,hot,45301,0.4,18121,0.6392031344848518,0.4197133888737727,0.6562660900010298,0.6899275879851557
R6_closed_high_expansion_high_friction,a150_mu060_g000,R6c,3,hot,45301,0.8,36241,0.755801440357606,0.6584548749562152,0.9103078982597056,0.9666050261188036
R6_closed_high_expansion_high_friction,a150_mu060_g000,R6c,3,hot,45301,1.0,45301,0.7859208405995453,0.6889349190697637,0.9975285758418287,1.000000000000005
R6_closed_high_expansion_high_friction,a150_mu060_g000,R6c,4,cold,6281,0.01,63,0.4444444444444444,0.0184869872657681,0.0009334163036714,0.0410338517763203
R6_closed_high_expansion_high_friction,a150_mu060_g000,R6c,4,cold,6281,0.02,126,0.4761904761904761,0.0353657436209498,0.0012445550715619,0.0741671011727055
R6_closed_high_expansion_high_friction,a150_mu060_g000,R6c,4,cold,6281,0.05,315,0.4888888888888889,0.0788177203835081,0.0021779713752333,0.1614045699938551
R6_closed_high_expansion_high_friction,a150_mu060_g000,R6c,4,cold,6281,0.1,629,0.4848966613672496,0.136483070856501,0.0031113876789047,0.2810642662224219
R6_closed_high_expansion_high_friction,a150_mu060_g000,R6c,4,cold,6281,0.2,1257,0.4900556881463803,0.2307724587922711,0.0115121344119477,0.470838653203266
R6_closed_high_expansion_high_friction,a150_mu060_g000,R6c,4,cold,6281,0.4,2513,0.4978113808197373,0.3641778780690345,0.0532047293092719,0.7346966179775657
R6_closed_high_expansion_high_friction,a150_mu060_g000,R6c,4,cold,6281,0.8,5025,0.5343283582089552,0.4994604087653924,0.5696950840074674,0.9773189073844378
R6_closed_high_expansion_high_friction,a150_mu060_g000,R6c,4,cold,6281,1.0,6281,0.5551663747810858,0.5133813807440266,0.7016179215930305,0.9999999999999998
R6_closed_high_expansion_high_friction,a150_mu060_g000,R6c,4,hot,43116,0.01,432,0.4976851851851852,0.0202234014522801,0.00125,0.0406148164870588
R6_closed_high_expansion_high_friction,a150_mu060_g000,R6c,4,hot,43116,0.02,863,0.4994206257242178,0.0366266093541828,0.003125,0.0733380223506547
R6_closed_high_expansion_high_friction,a150_mu060_g000,R6c,4,hot,43116,0.05,2156,0.5027829313543599,0.0781754434623293,0.0214583333333333,0.155645880064494
R6_closed_high_expansion_high_friction,a150_mu060_g000,R6c,4,hot,43116,0.1,4312,0.5113636363636364,0.1367346860726678,0.0809375,0.2683240884922263
R6_closed_high_expansion_high_friction,a150_mu060_g000,R6c,4,hot,43116,0.2,8624,0.5412801484230055,0.2386571191975357,0.3434375,0.447695964497616
R6_closed_high_expansion_high_friction,a150_mu060_g000,R6c,4,hot,43116,0.4,17247,0.6311242534933612,0.4229092755402309,0.6485416666666667,0.7052614738169083
R6_closed_high_expansion_high_friction,a150_mu060_g000,R6c,4,hot,43116,0.8,34493,0.7468471863856435,0.6481391439916402,0.9076041666666668,0.9689847869527576
R6_closed_high_expansion_high_friction,a150_mu060_g000,R6c,4,hot,43116,1.0,43116,0.7777391223675666,0.6761010097026038,0.9964583333333332,1.0000000000000029
R6_closed_high_expansion_high_friction,a150_mu060_g000,R6c,5,cold,4946,0.01,50,0.48,0.0211308224430172,0.0010445682451253,0.0440298499496161
R6_closed_high_expansion_high_friction,a150_mu060_g000,R6c,5,cold,4946,0.02,99,0.4848484848484848,0.0382997861536767,0.0013927576601671,0.0789908055895879
R6_closed_high_expansion_high_friction,a150_mu060_g000,R6c,5,cold,4946,0.05,248,0.4798387096774194,0.08137994228215,0.0013927576601671,0.1692730825803811
R6_closed_high_expansion_high_friction,a150_mu060_g000,R6c,5,cold,4946,0.1,495,0.4888888888888889,0.1431810380893339,0.0027855153203342,0.2931452680263374
R6_closed_high_expansion_high_friction,a150_mu060_g000,R6c,5,cold,4946,0.2,990,0.4909090909090909,0.2380695211651874,0.0066155988857938,0.4854972898595358
R6_closed_high_expansion_high_friction,a150_mu060_g000,R6c,5,cold,4946,0.4,1979,0.4936836786255684,0.3678688864944905,0.0198467966573816,0.7470154837210091
R6_closed_high_expansion_high_friction,a150_mu060_g000,R6c,5,cold,4946,0.8,3957,0.5049279757391963,0.4866570130590562,0.123259052924791,0.9784937482155928
R6_closed_high_expansion_high_friction,a150_mu060_g000,R6c,5,cold,4946,1.0,4946,0.5200161746866154,0.4985303037462212,0.5355153203342619,0.9999999999999966
R6_closed_high_expansion_high_friction,a150_mu060_g000,R6c,5,hot,40536,0.01,406,0.5,0.0238788423758354,0.0015796124684077,0.0477664646453225
R6_closed_high_expansion_high_friction,a150_mu060_g000,R6c,5,hot,40536,0.02,811,0.499383477188656,0.0421118360746048,0.0032645324347093,0.0843254761056227
R6_closed_high_expansion_high_friction,a150_mu060_g000,R6c,5,hot,40536,0.05,2027,0.5091267883571781,0.0883860420874711,0.0307497893850042,0.1741665826785624
R6_closed_high_expansion_high_friction,a150_mu060_g000,R6c,5,hot,40536,0.1,4054,0.5239269856931426,0.151995898162607,0.1059393428812131,0.2923758090626186
R6_closed_high_expansion_high_friction,a150_mu060_g000,R6c,5,hot,40536,0.2,8108,0.5584607794770597,0.2595752464119024,0.3181339511373209,0.4745508224020346
R6_closed_high_expansion_high_friction,a150_mu060_g000,R6c,5,hot,40536,0.4,16215,0.6412580943570768,0.440291141705377,0.5939342881213142,0.726214670253743
R6_closed_high_expansion_high_friction,a150_mu060_g000,R6c,5,hot,40536,0.8,32429,0.7378889265780628,0.6426293667288753,0.8885846672283066,0.9716520813843246
R6_closed_high_expansion_high_friction,a150_mu060_g000,R6c,5,hot,40536,1.0,40536,0.7665531872903099,0.6675660982855247,0.9925231676495366,1.0000000000000049
R6_closed_high_expansion_high_friction,a150_mu060_g000,R6c,6,cold,7574,0.01,76,0.4868421052631579,0.0196692241227317,0.0008092797410304,0.0404225503408212
R6_closed_high_expansion_high_friction,a150_mu060_g000,R6c,6,cold,7574,0.02,152,0.4868421052631579,0.0363348775111494,0.0010790396547073,0.0746329033442982
R6_closed_high_expansion_high_friction,a150_mu060_g000,R6c,6,cold,7574,0.05,379,0.4881266490765171,0.0785188811064789,0.0026975991367682,0.1608581478280107
R6_closed_high_expansion_high_friction,a150_mu060_g000,R6c,6,cold,7574,0.1,758,0.4907651715039577,0.1373068483727263,0.004585918532506,0.2798739715427411
R6_closed_high_expansion_high_friction,a150_mu060_g000,R6c,6,cold,7574,0.2,1515,0.4943894389438943,0.2312860727318797,0.0121391961154572,0.4686884087493616
R6_closed_high_expansion_high_friction,a150_mu060_g000,R6c,6,cold,7574,0.4,3030,0.502970297029703,0.3658995715254646,0.0965740490963042,0.7324260802868071
R6_closed_high_expansion_high_friction,a150_mu060_g000,R6c,6,cold,7574,0.8,6060,0.5445544554455446,0.5056324877035525,0.6131642837874292,0.9768427332897692
R6_closed_high_expansion_high_friction,a150_mu060_g000,R6c,6,cold,7574,1.0,7574,0.5661473461843147,0.5203743348305846,0.7415700026975991,1.0000000000000002
R6_closed_high_expansion_high_friction,a150_mu060_g000,R6c,6,hot,37717,0.01,378,0.5,0.0253975149637938,0.0033006814310051,0.050807261457937
R6_closed_high_expansion_high_friction,a150_mu060_g000,R6c,6,hot,37717,0.02,755,0.5006622516556292,0.0446230331339843,0.0044718909710391,0.0891753249801236
R6_closed_high_expansion_high_friction,a150_mu060_g000,R6c,6,hot,37717,0.05,1886,0.5042417815482503,0.0911316659372592,0.0285349233390119,0.1809912308788802
R6_closed_high_expansion_high_friction,a150_mu060_g000,R6c,6,hot,37717,0.1,3772,0.5204135737009544,0.1556364595011219,0.1054088586030664,0.3013696935723392
R6_closed_high_expansion_high_friction,a150_mu060_g000,R6c,6,hot,37717,0.2,7544,0.5560710498409331,0.263497753000128,0.3166524701873935,0.4844481932795656
R6_closed_high_expansion_high_friction,a150_mu060_g000,R6c,6,hot,37717,0.4,15087,0.6314708026778021,0.437119264172952,0.5697402044293015,0.7314900775352445
R6_closed_high_expansion_high_friction,a150_mu060_g000,R6c,6,hot,37717,0.8,30174,0.7245973354543647,0.6314392944786004,0.875,0.9717500423737444
R6_closed_high_expansion_high_friction,a150_mu060_g000,R6c,6,hot,37717,1.0,37717,0.7526314394039822,0.6556496841053281,0.9854131175468483,1.0000000000000024
R6_closed_high_expansion_high_friction,a150_mu060_g000,R6c,7,cold,9223,0.01,93,0.4838709677419355,0.0197096629580291,0.0012233912405187,0.0407205442007221
R6_closed_high_expansion_high_friction,a150_mu060_g000,R6c,7,cold,9223,0.02,185,0.4864864864864865,0.0358408111934846,0.0017127477367262,0.0736248643771715
R6_closed_high_expansion_high_friction,a150_mu060_g000,R6c,7,cold,9223,0.05,462,0.4913419913419913,0.0772735663434472,0.0041595302177636,0.1573119857930685
R6_closed_high_expansion_high_friction,a150_mu060_g000,R6c,7,cold,9223,0.1,923,0.4929577464788732,0.1348204278897679,0.0046488867139711,0.2737864277310536
R6_closed_high_expansion_high_friction,a150_mu060_g000,R6c,7,cold,9223,0.2,1845,0.4970189701897018,0.2280734870554289,0.0298507462686567,0.4600432658260712
R6_closed_high_expansion_high_friction,a150_mu060_g000,R6c,7,cold,9223,0.4,3690,0.5143631436314363,0.3651934948087577,0.2422314656227061,0.7193933648573257
R6_closed_high_expansion_high_friction,a150_mu060_g000,R6c,7,cold,9223,0.8,7379,0.5690472963816235,0.5206281707319645,0.6868118424272083,0.9734673607126596
R6_closed_high_expansion_high_friction,a150_mu060_g000,R6c,7,cold,9223,1.0,9223,0.5948173045646753,0.5387712277774066,0.8125764619525324,1.000000000000004
R6_closed_high_expansion_high_friction,a150_mu060_g000,R6c,7,hot,34983,0.01,350,0.5,0.0297756362159099,0.0030250648228176,0.0595670423744607
R6_closed_high_expansion_high_friction,a150_mu060_g000,R6c,7,hot,34983,0.02,700,0.5085714285714286,0.0516288685311155,0.0061581676750216,0.1018887706313303
R6_closed_high_expansion_high_friction,a150_mu060_g000,R6c,7,hot,34983,0.05,1750,0.5257142857142857,0.103308316200572,0.0492653414001728,0.1983523313455366
R6_closed_high_expansion_high_friction,a150_mu060_g000,R6c,7,hot,34983,0.1,3499,0.533866819091169,0.168557091736014,0.098314606741573,0.3187544177358592
R6_closed_high_expansion_high_friction,a150_mu060_g000,R6c,7,hot,34983,0.2,6997,0.5508074889238245,0.2692524452418238,0.250324114088159,0.4962385407990701
R6_closed_high_expansion_high_friction,a150_mu060_g000,R6c,7,hot,34983,0.4,13994,0.6070458768043447,0.4263741500517584,0.5530466724286949,0.7349911311174249
R6_closed_high_expansion_high_friction,a150_mu060_g000,R6c,7,hot,34983,0.8,27987,0.7032550827169758,0.613248209573417,0.8873163353500432,0.9720419829247384
R6_closed_high_expansion_high_friction,a150_mu060_g000,R6c,7,hot,34983,1.0,34983,0.736872195066175,0.6374281981340263,0.9883318928262748,1.000000000000001
R6_closed_high_expansion_high_friction,a150_mu060_g000,R6c,8,cold,3448,0.01,35,0.4857142857142857,0.0234303997581673,0.0008305647840531,0.0484600458016856
R6_closed_high_expansion_high_friction,a150_mu060_g000,R6c,8,cold,3448,0.02,69,0.4927536231884058,0.0425678040129274,0.0012458471760797,0.0868179444826792
R6_closed_high_expansion_high_friction,a150_mu060_g000,R6c,8,cold,3448,0.05,173,0.4739884393063583,0.0861102159538774,0.0016611295681063,0.1810298924590823
R6_closed_high_expansion_high_friction,a150_mu060_g000,R6c,8,cold,3448,0.1,345,0.4869565217391304,0.1493311047914831,0.0024916943521594,0.307166592842766
R6_closed_high_expansion_high_friction,a150_mu060_g000,R6c,8,cold,3448,0.2,690,0.4898550724637681,0.2456273809536135,0.0041528239202657,0.5025615840036796
R6_closed_high_expansion_high_friction,a150_mu060_g000,R6c,8,cold,3448,0.4,1380,0.4884057971014492,0.3731491320598224,0.0078903654485049,0.7636355150185699
R6_closed_high_expansion_high_friction,a150_mu060_g000,R6c,8,cold,3448,0.8,2759,0.4940195723088075,0.4822559756375128,0.0245016611295681,0.981783293692528
R6_closed_high_expansion_high_friction,a150_mu060_g000,R6c,8,cold,3448,1.0,3448,0.5023201856148491,0.4914712760002045,0.0510797342192691,1.0
R6_closed_high_expansion_high_friction,a150_mu060_g000,R6c,8,hot,30955,0.01,310,0.5,0.0341808397976554,0.0061816977591345,0.0684010435206415
R6_closed_high_expansion_high_friction,a150_mu060_g000,R6c,8,hot,30955,0.02,620,0.5161290322580645,0.0592945453181783,0.0177723810575118,0.1156638589211323
R6_closed_high_expansion_high_friction,a150_mu060_g000,R6c,8,hot,30955,0.05,1548,0.5258397932816538,0.1137050253808493,0.0420576222541119,0.2179627176286182
R6_closed_high_expansion_high_friction,a150_mu060_g000,R6c,8,hot,30955,0.1,3096,0.5316537467700259,0.1791019806396925,0.0562976045921183,0.339371000995157
R6_closed_high_expansion_high_friction,a150_mu060_g000,R6c,8,hot,30955,0.2,6191,0.5327087707963173,0.2726866848694703,0.2120543106303124,0.5149663100286156
R6_closed_high_expansion_high_friction,a150_mu060_g000,R6c,8,hot,30955,0.4,12382,0.5765627523824907,0.416677931767159,0.5404570040843361,0.7488557434934993
R6_closed_high_expansion_high_friction,a150_mu060_g000,R6c,8,hot,30955,0.8,24764,0.6742852527863027,0.5886408993205795,0.8773595319571696,0.9750857066560904
R6_closed_high_expansion_high_friction,a150_mu060_g000,R6c,8,hot,30955,1.0,30955,0.7098368599580036,0.6095726167715254,0.9815652941825808,1.0000000000000082
R6_closed_high_expansion_high_friction,a150_mu060_g000,R6c,9,cold,2065,0.01,21,0.4761904761904761,0.0278524001781361,0.0011514104778353,0.0581354155192609
R6_closed_high_expansion_high_friction,a150_mu060_g000,R6c,9,cold,2065,0.02,42,0.4761904761904761,0.0475483735008709,0.0011514104778353,0.0990842052079407
R6_closed_high_expansion_high_friction,a150_mu060_g000,R6c,9,cold,2065,0.05,104,0.4807692307692308,0.0956099621599113,0.001727115716753,0.1983105382707656
R6_closed_high_expansion_high_friction,a150_mu060_g000,R6c,9,cold,2065,0.1,207,0.4830917874396135,0.1596595108002302,0.0023028209556706,0.3295837504604606
R6_closed_high_expansion_high_friction,a150_mu060_g000,R6c,9,cold,2065,0.2,413,0.4891041162227603,0.2583641403111765,0.003454231433506,0.5290987515965118
R6_closed_high_expansion_high_friction,a150_mu060_g000,R6c,9,cold,2065,0.4,826,0.4903147699757869,0.3839506729547958,0.006908462867012,0.7838642554217476
R6_closed_high_expansion_high_friction,a150_mu060_g000,R6c,9,cold,2065,0.8,1652,0.4909200968523002,0.4830562162096115,0.0115141047783534,0.9857241137562684
R6_closed_high_expansion_high_friction,a150_mu060_g000,R6c,9,cold,2065,1.0,2065,0.4953995157384988,0.4897622319115979,0.0149683362118595,0.9999999999999968
R6_closed_high_expansion_high_friction,a150_mu060_g000,R6c,9,hot,25478,0.01,255,0.4941176470588235,0.0360395269420212,0.0019776640297812,0.0729941407924973
R6_closed_high_expansion_high_friction,a150_mu060_g000,R6c,9,hot,25478,0.02,510,0.4980392156862745,0.0609687378640261,0.0038389948813401,0.1226794683684243
R6_closed_high_expansion_high_friction,a150_mu060_g000,R6c,9,hot,25478,0.05,1274,0.4984301412872841,0.1179270294776436,0.0100046533271288,0.2370281149293626
R6_closed_high_expansion_high_friction,a150_mu060_g000,R6c,9,hot,25478,0.1,2548,0.5094191522762951,0.1905415653220445,0.0517682643089809,0.376752109486601
R6_closed_high_expansion_high_friction,a150_mu060_g000,R6c,9,hot,25478,0.2,5096,0.5323783359497645,0.2964735114294107,0.2138203815728245,0.5680342419136171
R6_closed_high_expansion_high_friction,a150_mu060_g000,R6c,9,hot,25478,0.4,10192,0.5742739403453689,0.4356033353488173,0.4566077245230339,0.795624802570073
R6_closed_high_expansion_high_friction,a150_mu060_g000,R6c,9,hot,25478,0.8,20383,0.6360202129225335,0.5633746201273171,0.8306188925081434,0.982027778466552
R6_closed_high_expansion_high_friction,a150_mu060_g000,R6c,9,hot,25478,1.0,25478,0.6684198131721485,0.5773735216189197,0.9611447184737087,1.0
R6_closed_high_expansion_high_friction,a150_mu060_g000,R6c,10,cold,1833,0.01,19,0.4736842105263157,0.0299831846365967,0.0012515644555694,0.062928512428457
R6_closed_high_expansion_high_friction,a150_mu060_g000,R6c,10,cold,1833,0.02,37,0.4864864864864865,0.052239442443489,0.0012515644555694,0.1072633689461815
R6_closed_high_expansion_high_friction,a150_mu060_g000,R6c,10,cold,1833,0.05,92,0.4891304347826087,0.1027412561003406,0.0018773466833541,0.2106728832297757
R6_closed_high_expansion_high_friction,a150_mu060_g000,R6c,10,cold,1833,0.1,184,0.4728260869565217,0.1628878245721491,0.0025031289111389,0.3420044157826511
R6_closed_high_expansion_high_friction,a150_mu060_g000,R6c,10,cold,1833,0.2,367,0.4850136239782016,0.2613274418485826,0.0031289111389236,0.538634282919221
R6_closed_high_expansion_high_friction,a150_mu060_g000,R6c,10,cold,1833,0.4,734,0.4904632152588556,0.3850468024331952,0.0043804755944931,0.7871138516421722
R6_closed_high_expansion_high_friction,a150_mu060_g000,R6c,10,cold,1833,0.8,1467,0.4907975460122699,0.4821314226153048,0.0112640801001251,0.9849164953609442
R6_closed_high_expansion_high_friction,a150_mu060_g000,R6c,10,cold,1833,1.0,1833,0.496999454446263,0.4893959333873228,0.0112640801001251,1.0
R6_closed_high_expansion_high_friction,a150_mu060_g000,R6c,10,hot,23462,0.01,235,0.4936170212765957,0.0365266062768825,0.0009660669001328,0.0741615367319806
R6_closed_high_expansion_high_friction,a150_mu060_g000,R6c,10,hot,23462,0.02,470,0.4914893617021276,0.0622324726211597,0.0015698587127158,0.1266829415016173
R6_closed_high_expansion_high_friction,a150_mu060_g000,R6c,10,hot,23462,0.05,1174,0.4948892674616695,0.1223686099088379,0.0097814273638449,0.2476298049534876
R6_closed_high_expansion_high_friction,a150_mu060_g000,R6c,10,hot,23462,0.1,2347,0.5061780997017469,0.1957587469140158,0.0571187054703538,0.3896668748185762
R6_closed_high_expansion_high_friction,a150_mu060_g000,R6c,10,hot,23462,0.2,4693,0.5382484551459621,0.3046457708791044,0.152276295133438,0.5810638219301966
R6_closed_high_expansion_high_friction,a150_mu060_g000,R6c,10,hot,23462,0.4,9385,0.5724027703782631,0.4397894844692438,0.4278468783963289,0.8050475880851803
R6_closed_high_expansion_high_friction,a150_mu060_g000,R6c,10,hot,23462,0.8,18770,0.6257858284496537,0.5591299551339388,0.7999033933099867,0.9838083690950882
R6_closed_high_expansion_high_friction,a150_mu060_g000,R6c,10,hot,23462,1.0,23462,0.6555280879720399,0.5713296238149927,0.9387755102040816,0.9999999999999958
R6_closed_high_expansion_high_friction,a150_mu060_g000,R6c,11,cold,2106,0.01,22,0.4545454545454545,0.0238417891187114,0.0011261261261261,0.0523367810814069
R6_closed_high_expansion_high_friction,a150_mu060_g000,R6c,11,cold,2106,0.02,43,0.4883720930232558,0.0458638584241738,0.0011261261261261,0.0944230468635961
R6_closed_high_expansion_high_friction,a150_mu060_g000,R6c,11,cold,2106,0.05,106,0.4811320754716981,0.0946920854179027,0.0016891891891891,0.1968988946469236
R6_closed_high_expansion_high_friction,a150_mu060_g000,R6c,11,cold,2106,0.1,211,0.4928909952606635,0.1642430014648442,0.0022522522522522,0.3348022658045593
R6_closed_high_expansion_high_friction,a150_mu060_g000,R6c,11,cold,2106,0.2,422,0.485781990521327,0.2586520040419433,0.0022522522522522,0.531599544565015
R6_closed_high_expansion_high_friction,a150_mu060_g000,R6c,11,cold,2106,0.4,843,0.4922894424673784,0.3795621882043589,0.0039414414414414,0.7737156569259821
R6_closed_high_expansion_high_friction,a150_mu060_g000,R6c,11,cold,2106,0.8,1685,0.4925816023738872,0.482150153032933,0.0050675675675675,0.9828389473017424
R6_closed_high_expansion_high_friction,a150_mu060_g000,R6c,11,cold,2106,1.0,2106,0.4962013295346629,0.4901740860074787,0.0101351351351351,1.0000000000000009
R6_closed_high_expansion_high_friction,a150_mu060_g000,R6c,11,hot,24744,0.01,248,0.4959677419354839,0.0379296434464375,0.0022522522522522,0.0765026510944996
R6_closed_high_expansion_high_friction,a150_mu060_g000,R6c,11,hot,24744,0.02,495,0.494949494949495,0.0627312633469197,0.0034376481744902,0.1266841663087317
R6_closed_high_expansion_high_friction,a150_mu060_g000,R6c,11,hot,24744,0.05,1238,0.505654281098546,0.1213072666831645,0.0130393551446183,0.2410127347387224
R6_closed_high_expansion_high_friction,a150_mu060_g000,R6c,11,hot,24744,0.1,2475,0.515959595959596,0.1931403434715982,0.0471787577050734,0.3777724105677847
R6_closed_high_expansion_high_friction,a150_mu060_g000,R6c,11,hot,24744,0.2,4949,0.5409173570418266,0.2993967018959323,0.2204836415362731,0.5658907045024594
R6_closed_high_expansion_high_friction,a150_mu060_g000,R6c,11,hot,24744,0.4,9898,0.5782986461911497,0.4386804630877927,0.4356330014224751,0.7933900009143554
R6_closed_high_expansion_high_friction,a150_mu060_g000,R6c,11,hot,24744,0.8,19796,0.637401495251566,0.5679245872777205,0.8054765291607396,0.9827916298790108
R6_closed_high_expansion_high_friction,a150_mu060_g000,R6c,11,hot,24744,1.0,24744,0.6665050113158746,0.5811138283941268,0.9448790896159316,0.9999999999999922
R6_closed_high_expansion_high_friction,a150_mu060_g000,R6c,12,cold,2282,0.01,23,0.4782608695652174,0.0265389726817464,0.0010626992561105,0.0553127146938814
R6_closed_high_expansion_high_friction,a150_mu060_g000,R6c,12,cold,2282,0.02,46,0.4565217391304347,0.0436389844371445,0.0010626992561105,0.0941152059699857
R6_closed_high_expansion_high_friction,a150_mu060_g000,R6c,12,cold,2282,0.05,115,0.4956521739130435,0.0942296917263218,0.0015940488841657,0.1911192490210428
R6_closed_high_expansion_high_friction,a150_mu060_g000,R6c,12,cold,2282,0.1,229,0.4934497816593886,0.1575958495986237,0.0015940488841657,0.3210613414915925
R6_closed_high_expansion_high_friction,a150_mu060_g000,R6c,12,cold,2282,0.2,457,0.4857768052516411,0.2504189577715788,0.0031880977683315,0.5150304157194858
R6_closed_high_expansion_high_friction,a150_mu060_g000,R6c,12,cold,2282,0.4,913,0.488499452354874,0.373230029587548,0.0037194473963868,0.7643312746597607
R6_closed_high_expansion_high_friction,a150_mu060_g000,R6c,12,cold,2282,0.8,1826,0.4901423877327491,0.4793423016660548,0.0058448459086078,0.9796089017940776
R6_closed_high_expansion_high_friction,a150_mu060_g000,R6c,12,cold,2282,1.0,2282,0.4969325153374233,0.4895106933587377,0.0100956429330499,0.9999999999999996
R6_closed_high_expansion_high_friction,a150_mu060_g000,R6c,12,hot,25114,0.01,252,0.496031746031746,0.0379265313340557,0.0021339656194427,0.0764275025113719
R6_closed_high_expansion_high_friction,a150_mu060_g000,R6c,12,hot,25114,0.02,503,0.4990059642147117,0.0627840398252851,0.0055720213396561,0.1259799535128378
R6_closed_high_expansion_high_friction,a150_mu060_g000,R6c,12,hot,25114,0.05,1256,0.5047770700636943,0.1202696458022204,0.0220509780675755,0.2390825201652813
R6_closed_high_expansion_high_friction,a150_mu060_g000,R6c,12,hot,25114,0.1,2512,0.5171178343949044,0.1922460035820312,0.0814463544754001,0.3753996230317854
R6_closed_high_expansion_high_friction,a150_mu060_g000,R6c,12,hot,25114,0.2,5023,0.5421063109695401,0.2982599438323422,0.2252519264967397,0.5631370756946344
R6_closed_high_expansion_high_friction,a150_mu060_g000,R6c,12,hot,25114,0.4,10046,0.5888911009356959,0.4423185606030129,0.4398340248962655,0.7907806285881156
R6_closed_high_expansion_high_friction,a150_mu060_g000,R6c,12,hot,25114,0.8,20092,0.6450328488950826,0.5751568435476064,0.7957320687611144,0.9825300779820336
R6_closed_high_expansion_high_friction,a150_mu060_g000,R6c,12,hot,25114,1.0,25114,0.671697061400016,0.588503202263753,0.943687018375815,0.9999999999999952
R6_closed_high_expansion_high_friction,a150_mu060_g000,R6c,13,cold,2679,0.01,27,0.4814814814814814,0.0250173097460986,0.0014084507042253,0.0520868479395833
R6_closed_high_expansion_high_friction,a150_mu060_g000,R6c,13,cold,2679,0.02,54,0.4814814814814814,0.0450752210401164,0.0018779342723004,0.0935958779899961
R6_closed_high_expansion_high_friction,a150_mu060_g000,R6c,13,cold,2679,0.05,134,0.4925373134328358,0.0948154866711361,0.0018779342723004,0.1932172810438664
R6_closed_high_expansion_high_friction,a150_mu060_g000,R6c,13,cold,2679,0.1,268,0.4888059701492537,0.1580712132679124,0.0023474178403755,0.3239862888197717
R6_closed_high_expansion_high_friction,a150_mu060_g000,R6c,13,cold,2679,0.2,536,0.4944029850746269,0.2566862655216843,0.0028169014084507,0.5220419514355883
R6_closed_high_expansion_high_friction,a150_mu060_g000,R6c,13,cold,2679,0.4,1072,0.4906716417910448,0.3788843756294299,0.004225352112676,0.7735441287316008
R6_closed_high_expansion_high_friction,a150_mu060_g000,R6c,13,cold,2679,0.8,2144,0.4897388059701492,0.4816765880921314,0.0079812206572769,0.9825979051501196
R6_closed_high_expansion_high_friction,a150_mu060_g000,R6c,13,cold,2679,1.0,2679,0.4968271743187756,0.4904326017944522,0.0112676056338028,1.0
R6_closed_high_expansion_high_friction,a150_mu060_g000,R6c,13,hot,27363,0.01,274,0.5109489051094891,0.0482994627810858,0.006060606060606,0.095006986739183
R6_closed_high_expansion_high_friction,a150_mu060_g000,R6c,13,hot,27363,0.02,548,0.5145985401459854,0.076453983306485,0.0245920745920745,0.1494736109722723
R6_closed_high_expansion_high_friction,a150_mu060_g000,R6c,13,hot,27363,0.05,1369,0.5317750182615048,0.1370995127820622,0.0433566433566433,0.2609703676379635
R6_closed_high_expansion_high_friction,a150_mu060_g000,R6c,13,hot,27363,0.1,2737,0.5337961271465108,0.2067605007038365,0.0768065268065268,0.3909050381248008
R6_closed_high_expansion_high_friction,a150_mu060_g000,R6c,13,hot,27363,0.2,5473,0.5585602046409648,0.3112442495923914,0.2249417249417249,0.5707594456999399
R6_closed_high_expansion_high_friction,a150_mu060_g000,R6c,13,hot,27363,0.4,10946,0.6075278640599305,0.4561539806100876,0.4568764568764569,0.7929028486873462
R6_closed_high_expansion_high_friction,a150_mu060_g000,R6c,13,hot,27363,0.8,21891,0.6652048787172811,0.5910658245132835,0.8086247086247086,0.9815422170094756
R6_closed_high_expansion_high_friction,a150_mu060_g000,R6c,13,hot,27363,1.0,27363,0.6921390198443154,0.6054906380038084,0.9545454545454546,1.0000000000000018
R6_closed_high_expansion_high_friction,a150_mu060_g000,R6c,14,cold,3405,0.01,35,0.4857142857142857,0.0241400394223125,0.0011952191235059,0.0500560748839239
R6_closed_high_expansion_high_friction,a150_mu060_g000,R6c,14,cold,3405,0.02,69,0.4927536231884058,0.0444559920354948,0.0011952191235059,0.0907580549926261
R6_closed_high_expansion_high_friction,a150_mu060_g000,R6c,14,cold,3405,0.05,171,0.47953216374269,0.0897904369398966,0.0011952191235059,0.1870777855766041
R6_closed_high_expansion_high_friction,a150_mu060_g000,R6c,14,cold,3405,0.1,341,0.4897360703812317,0.1537170897384381,0.0019920318725099,0.3147175681752571
R6_closed_high_expansion_high_friction,a150_mu060_g000,R6c,14,cold,3405,0.2,681,0.4933920704845815,0.2494939580094691,0.0027888446215139,0.5079681040824983
R6_closed_high_expansion_high_friction,a150_mu060_g000,R6c,14,cold,3405,0.4,1362,0.4897209985315712,0.3719138724530678,0.0075697211155378,0.7604649103707183
R6_closed_high_expansion_high_friction,a150_mu060_g000,R6c,14,cold,3405,0.8,2724,0.4922907488986784,0.4818874821677531,0.0147410358565737,0.982367451875308
R6_closed_high_expansion_high_friction,a150_mu060_g000,R6c,14,cold,3405,1.0,3405,0.4972099853157122,0.4903079306140714,0.0219123505976095,1.000000000000001
R6_closed_high_expansion_high_friction,a150_mu060_g000,R6c,14,hot,28987,0.01,290,0.506896551724138,0.0399690864060909,0.0033097466331887,0.0790061057508298
R6_closed_high_expansion_high_friction,a150_mu060_g000,R6c,14,hot,28987,0.02,580,0.5051724137931034,0.0657481765746504,0.0160922163889522,0.1302002200623738
R6_closed_high_expansion_high_friction,a150_mu060_g000,R6c,14,hot,28987,0.05,1450,0.5303448275862069,0.1275293376443441,0.0509016206345583,0.243363182736918
R6_closed_high_expansion_high_friction,a150_mu060_g000,R6c,14,hot,28987,0.1,2899,0.5450155225939979,0.2013782941648031,0.1002054325496462,0.3754060256271095
R6_closed_high_expansion_high_friction,a150_mu060_g000,R6c,14,hot,28987,0.2,5798,0.5636426353915143,0.3065926758944997,0.2246062542798448,0.5563091974699094
R6_closed_high_expansion_high_friction,a150_mu060_g000,R6c,14,hot,28987,0.4,11595,0.6145752479517034,0.4570784443707004,0.4666742752796165,0.783695615920098
R6_closed_high_expansion_high_friction,a150_mu060_g000,R6c,14,hot,28987,0.8,23190,0.676843467011643,0.6016287631949477,0.8223008445560375,0.9810816557312124
R6_closed_high_expansion_high_friction,a150_mu060_g000,R6c,14,hot,28987,1.0,28987,0.70221133611619,0.6165260847518961,0.965190595754394,0.9999999999999972
R6_closed_high_expansion_high_friction,a150_mu060_g000,R6c,15,cold,3725,0.01,38,0.5,0.031019707397827,0.0007513148009015,0.0623574472292666
R6_closed_high_expansion_high_friction,a150_mu060_g000,R6c,15,cold,3725,0.02,75,0.4933333333333333,0.0506137453170057,0.0011269722013523,0.1027708560569459
R6_closed_high_expansion_high_friction,a150_mu060_g000,R6c,15,cold,3725,0.05,187,0.4866310160427807,0.0963536293901598,0.0015026296018031,0.197722335776079
R6_closed_high_expansion_high_friction,a150_mu060_g000,R6c,15,cold,3725,0.1,373,0.4879356568364611,0.1560416658138338,0.0018782870022539,0.3198535476065845
R6_closed_high_expansion_high_friction,a150_mu060_g000,R6c,15,cold,3725,0.2,745,0.4899328859060403,0.2480926478534508,0.0026296018031555,0.5071418033754393
R6_closed_high_expansion_high_friction,a150_mu060_g000,R6c,15,cold,3725,0.4,1490,0.4906040268456376,0.3713576467722154,0.0056348610067618,0.7584069989463876
R6_closed_high_expansion_high_friction,a150_mu060_g000,R6c,15,cold,3725,0.8,2980,0.4936241610738255,0.4812964335906316,0.0424492862509391,0.9803504761264874
R6_closed_high_expansion_high_friction,a150_mu060_g000,R6c,15,cold,3725,1.0,3725,0.5004026845637584,0.4909431702240934,0.0563486100676183,0.9999999999999968
R6_closed_high_expansion_high_friction,a150_mu060_g000,R6c,15,hot,27544,0.01,276,0.5036231884057971,0.038617225418608,0.010680287903413,0.0768263684006841
R6_closed_high_expansion_high_friction,a150_mu060_g000,R6c,15,hot,27544,0.02,551,0.5117967332123412,0.0636507366069821,0.0182261434873461,0.1249520801515393
R6_closed_high_expansion_high_friction,a150_mu060_g000,R6c,15,hot,27544,0.05,1378,0.5239477503628447,0.1208008278192308,0.0443464128163454,0.232528302446273
R6_closed_high_expansion_high_friction,a150_mu060_g000,R6c,15,hot,27544,0.1,2755,0.53502722323049,0.191096154369734,0.0987926631065707,0.3616365563950894
R6_closed_high_expansion_high_friction,a150_mu060_g000,R6c,15,hot,27544,0.2,5509,0.557632964240334,0.2972026924704914,0.2306710006965405,0.5450962485790034
R6_closed_high_expansion_high_friction,a150_mu060_g000,R6c,15,hot,27544,0.4,11018,0.60691595570884,0.4477853906508178,0.4569305781286278,0.7756810707166301
R6_closed_high_expansion_high_friction,a150_mu060_g000,R6c,15,hot,27544,0.8,22036,0.6666364131421311,0.5938957788590966,0.8104248897144184,0.9793216234227468
R6_closed_high_expansion_high_friction,a150_mu060_g000,R6c,15,hot,27544,1.0,27544,0.6924557072320651,0.6099502815705219,0.9553053169259346,0.9999999999999936
R6_closed_high_expansion_high_friction,a150_mu060_g000,R6c,16,cold,3481,0.01,35,0.4857142857142857,0.0266527924648359,0.0011659541391371,0.0547716484037468
R6_closed_high_expansion_high_friction,a150_mu060_g000,R6c,16,cold,3481,0.02,70,0.4428571428571428,0.0421954834767219,0.0011659541391371,0.0935498969307267
R6_closed_high_expansion_high_friction,a150_mu060_g000,R6c,16,cold,3481,0.05,175,0.48,0.0921432590475133,0.0015546055188495,0.191611441373788
R6_closed_high_expansion_high_friction,a150_mu060_g000,R6c,16,cold,3481,0.1,349,0.495702005730659,0.1583777523111015,0.0027205596579867,0.321190614582552
R6_closed_high_expansion_high_friction,a150_mu060_g000,R6c,16,cold,3481,0.2,697,0.4892395982783357,0.2526193695903198,0.0027205596579867,0.5169921533209771
R6_closed_high_expansion_high_friction,a150_mu060_g000,R6c,16,cold,3481,0.4,1393,0.4931801866475233,0.3798227769236639,0.0054411193159735,0.7731163940541573
R6_closed_high_expansion_high_friction,a150_mu060_g000,R6c,16,cold,3481,0.8,2785,0.4926391382405745,0.4825350191444439,0.0136027982899339,0.9821457463076488
R6_closed_high_expansion_high_friction,a150_mu060_g000,R6c,16,cold,3481,1.0,3481,0.5001436368859523,0.4913942812808733,0.0139914496696463,1.0000000000000004
R6_closed_high_expansion_high_friction,a150_mu060_g000,R6c,16,hot,27165,0.01,272,0.4963235294117647,0.0406281291864358,0.00701836472102,0.0817489060916609
R6_closed_high_expansion_high_friction,a150_mu060_g000,R6c,16,hot,27165,0.02,544,0.5018382352941176,0.0670832416762503,0.012282138261785,0.1338766232691983
R6_closed_high_expansion_high_friction,a150_mu060_g000,R6c,16,hot,27165,0.05,1359,0.5202354672553348,0.128122867695954,0.05263773540765,0.2485097505416353
R6_closed_high_expansion_high_friction,a150_mu060_g000,R6c,16,hot,27165,0.1,2717,0.5388295914611704,0.2032997047846469,0.1104222716107147,0.3835297920973834
R6_closed_high_expansion_high_friction,a150_mu060_g000,R6c,16,hot,27165,0.2,5433,0.5698509110988405,0.3135989991177137,0.2216633524388817,0.5674734418297003
R6_closed_high_expansion_high_friction,a150_mu060_g000,R6c,16,hot,27165,0.4,10866,0.6075832873182404,0.4566553533832218,0.4494092876359808,0.7907559251260388
R6_closed_high_expansion_high_friction,a150_mu060_g000,R6c,16,hot,27165,0.8,21732,0.6646880176697957,0.5932494692269027,0.8096853433150076,0.9820516402989088
R6_closed_high_expansion_high_friction,a150_mu060_g000,R6c,16,hot,27165,1.0,27165,0.6908890115958034,0.6071776630683725,0.955433384021523,0.9999999999999966
R6_closed_high_expansion_high_friction,a150_mu060_g000,R6c,17,cold,3703,0.01,38,0.4473684210526316,0.0254011797415524,0.0011273957158962,0.0561912338071971
R6_closed_high_expansion_high_friction,a150_mu060_g000,R6c,17,cold,3703,0.02,75,0.48,0.0467029087793631,0.0011273957158962,0.0972680281803886
R6_closed_high_expansion_high_friction,a150_mu060_g000,R6c,17,cold,3703,0.05,186,0.4946236559139785,0.0971540002148708,0.0015031942878617,0.1974834722911966
R6_closed_high_expansion_high_friction,a150_mu060_g000,R6c,17,cold,3703,0.1,371,0.4878706199460916,0.1595296754018736,0.0015031942878617,0.3276268780005199
R6_closed_high_expansion_high_friction,a150_mu060_g000,R6c,17,cold,3703,0.2,741,0.4898785425101215,0.2562149590168463,0.0030063885757234,0.5241455160178626
R6_closed_high_expansion_high_friction,a150_mu060_g000,R6c,17,cold,3703,0.4,1482,0.4892037786774629,0.3789671902102284,0.0067643742953776,0.7746925962235935
R6_closed_high_expansion_high_friction,a150_mu060_g000,R6c,17,cold,3703,0.8,2963,0.4930813364832939,0.4824525049883494,0.0364524614806463,0.9834300082586364
R6_closed_high_expansion_high_friction,a150_mu060_g000,R6c,17,cold,3703,1.0,3703,0.4993248717256279,0.4904759517097299,0.074032318677189,0.9999999999999984
R6_closed_high_expansion_high_friction,a150_mu060_g000,R6c,17,hot,27983,0.01,280,0.5035714285714286,0.0454872880097865,0.011197044903613,0.0904468902722782
R6_closed_high_expansion_high_friction,a150_mu060_g000,R6c,17,hot,27983,0.02,560,0.5089285714285714,0.0715500692668162,0.0169687175343414,0.1410606207783563
R6_closed_high_expansion_high_friction,a150_mu060_g000,R6c,17,hot,27983,0.05,1400,0.5307142857142857,0.1315871022168509,0.0525222209396283,0.2514196087779032
R6_closed_high_expansion_high_friction,a150_mu060_g000,R6c,17,hot,27983,0.1,2799,0.5405501964987496,0.2031642602708555,0.1061987764054022,0.3816012246238653
R6_closed_high_expansion_high_friction,a150_mu060_g000,R6c,17,hot,27983,0.2,5597,0.5704841879578345,0.3112335881187558,0.2260187002193235,0.56261013248236
R6_closed_high_expansion_high_friction,a150_mu060_g000,R6c,17,hot,27983,0.4,11194,0.6126496337323566,0.4574764972149202,0.4491515641232829,0.7873443238494292
R6_closed_high_expansion_high_friction,a150_mu060_g000,R6c,17,hot,27983,0.8,22387,0.6698530397105463,0.5971207514836246,0.8199238139212743,0.9815466578975024
R6_closed_high_expansion_high_friction,a150_mu060_g000,R6c,17,hot,27983,1.0,27983,0.6953507486688346,0.6115309176386089,0.9621378275424218,0.9999999999999994
R6_closed_high_expansion_high_friction,a150_mu060_g000,R6c,18,cold,3709,0.01,38,0.4736842105263157,0.0257364677262768,0.0011316484345529,0.0541079007879854
R6_closed_high_expansion_high_friction,a150_mu060_g000,R6c,18,cold,3709,0.02,75,0.4666666666666667,0.0440740241752429,0.0015088645794039,0.093931122771394
R6_closed_high_expansion_high_friction,a150_mu060_g000,R6c,18,cold,3709,0.05,186,0.4838709677419355,0.0941485243282115,0.0018860807242549,0.1947588234969332
R6_closed_high_expansion_high_friction,a150_mu060_g000,R6c,18,cold,3709,0.1,371,0.4878706199460916,0.1586525347847982,0.0037721614485099,0.3257631634547209
R6_closed_high_expansion_high_friction,a150_mu060_g000,R6c,18,cold,3709,0.2,742,0.4878706199460916,0.2525209759600703,0.0045265937382119,0.5177262449574779
R6_closed_high_expansion_high_friction,a150_mu060_g000,R6c,18,cold,3709,0.4,1484,0.488544474393531,0.3781777842419042,0.0060354583176159,0.7736790079497444
R6_closed_high_expansion_high_friction,a150_mu060_g000,R6c,18,cold,3709,0.8,2968,0.4882075471698113,0.4822368355749564,0.0196152395322519,0.9839433918614588
R6_closed_high_expansion_high_friction,a150_mu060_g000,R6c,18,cold,3709,1.0,3709,0.4990563494203289,0.4906908195716343,0.0267823462844209,1.0000000000000024
R6_closed_high_expansion_high_friction,a150_mu060_g000,R6c,18,hot,27591,0.01,276,0.5,0.0387619995529061,0.0034993584509506,0.0775574844990193
R6_closed_high_expansion_high_friction,a150_mu060_g000,R6c,18,hot,27591,0.02,552,0.5036231884057971,0.0639977218659902,0.0150472413390878,0.1273213214686631
R6_closed_high_expansion_high_friction,a150_mu060_g000,R6c,18,hot,27591,0.05,1380,0.5253623188405797,0.123222294851019,0.0440919164819783,0.236777357694133
R6_closed_high_expansion_high_friction,a150_mu060_g000,R6c,18,hot,27591,0.1,2760,0.5365942028985508,0.1937413590449988,0.095882421556048,0.3654412294881765
R6_closed_high_expansion_high_friction,a150_mu060_g000,R6c,18,hot,27591,0.2,5519,0.5626019206377967,0.2999712905373161,0.2183599673393211,0.5465507719454328
R6_closed_high_expansion_high_friction,a150_mu060_g000,R6c,18,hot,27591,0.4,11037,0.6032436350457552,0.4468347609918102,0.4521171118628251,0.7755848174102771
R6_closed_high_expansion_high_friction,a150_mu060_g000,R6c,18,hot,27591,0.8,22073,0.6684637339736329,0.5953573966179575,0.8193164586492476,0.9802694741878688
R6_closed_high_expansion_high_friction,a150_mu060_g000,R6c,18,hot,27591,1.0,27591,0.6949005110362074,0.6107848842673052,0.9568412457716086,0.9999999999999964
R6_closed_high_expansion_high_friction,a150_mu060_g000,R6c,19,cold,3299,0.01,33,0.4545454545454545,0.0229756677120615,0.0008022462896109,0.0501063681891259
R6_closed_high_expansion_high_friction,a150_mu060_g000,R6c,19,cold,3299,0.02,66,0.4696969696969697,0.0425102299220525,0.0012033694344163,0.0903518612549036
R6_closed_high_expansion_high_friction,a150_mu060_g000,R6c,19,cold,3299,0.05,165,0.4727272727272727,0.0903944103881601,0.0016044925792218,0.1907330350613404
R6_closed_high_expansion_high_friction,a150_mu060_g000,R6c,19,cold,3299,0.1,330,0.4939393939393939,0.1589692972162901,0.0016044925792218,0.3238630138088129
R6_closed_high_expansion_high_friction,a150_mu060_g000,R6c,19,cold,3299,0.2,660,0.4893939393939394,0.2550254327027323,0.0028078620136381,0.5222513535140482
R6_closed_high_expansion_high_friction,a150_mu060_g000,R6c,19,cold,3299,0.4,1320,0.4909090909090909,0.3785018100772156,0.0072202166064981,0.7727235125770006
R6_closed_high_expansion_high_friction,a150_mu060_g000,R6c,19,cold,3299,0.8,2640,0.4882575757575758,0.4795639162700132,0.0156438026474127,0.9806067048675025
R6_closed_high_expansion_high_friction,a150_mu060_g000,R6c,19,cold,3299,1.0,3299,0.4959078508638981,0.4893233655116712,0.0204572803850782,1.000000000000003
R6_closed_high_expansion_high_friction,a150_mu060_g000,R6c,19,hot,26130,0.01,262,0.5114503816793893,0.0425485533519542,0.009707588492956,0.0834874999476147
R6_closed_high_expansion_high_friction,a150_mu060_g000,R6c,19,hot,26130,0.02,523,0.5181644359464627,0.0703801651625401,0.0159820054457203,0.1366425433772047
R6_closed_high_expansion_high_friction,a150_mu060_g000,R6c,19,hot,26130,0.05,1307,0.5286916602907421,0.1319049099952685,0.0454599266011601,0.2519155593617717
R6_closed_high_expansion_high_friction,a150_mu060_g000,R6c,19,hot,26130,0.1,2613,0.5369307309605817,0.2043690114070015,0.1057180063928021,0.3851683646804399
R6_closed_high_expansion_high_friction,a150_mu060_g000,R6c,19,hot,26130,0.2,5226,0.5652506697282816,0.3113771476827979,0.208476382147508,0.5657177260060373
R6_closed_high_expansion_high_friction,a150_mu060_g000,R6c,19,hot,26130,0.4,10452,0.6032338308457711,0.4537075028520336,0.4358944003788327,0.7888390703619917
R6_closed_high_expansion_high_friction,a150_mu060_g000,R6c,19,hot,26130,0.8,20904,0.6596823574435515,0.5908850678619578,0.791523617852492,0.9822500521336276
R6_closed_high_expansion_high_friction,a150_mu060_g000,R6c,19,hot,26130,1.0,26130,0.6840413318025258,0.6044496519748651,0.9379661418255002,1.000000000000009
R6_closed_high_expansion_high_friction,a150_mu060_g000,R6c,20,cold,3613,0.01,37,0.4864864864864865,0.0253774604908839,0.0011476664116296,0.0522636025366826
R6_closed_high_expansion_high_friction,a150_mu060_g000,R6c,20,cold,3613,0.02,73,0.4794520547945205,0.0442954940655839,0.0011476664116296,0.0923316882832536
R6_closed_high_expansion_high_friction,a150_mu060_g000,R6c,20,cold,3613,0.05,181,0.4806629834254143,0.0924473697793142,0.0019127773527161,0.1919483862640597
R6_closed_high_expansion_high_friction,a150_mu060_g000,R6c,20,cold,3613,0.1,362,0.4917127071823204,0.1582629570232578,0.0022953328232593,0.3230279479978389
R6_closed_high_expansion_high_friction,a150_mu060_g000,R6c,20,cold,3613,0.2,723,0.4882434301521438,0.2535463776390301,0.0042081101759755,0.5195308698763539
R6_closed_high_expansion_high_friction,a150_mu060_g000,R6c,20,cold,3613,0.4,1446,0.4882434301521438,0.3768536880630755,0.0061208875286916,0.7707468906079162
R6_closed_high_expansion_high_friction,a150_mu060_g000,R6c,20,cold,3613,0.8,2891,0.4918713248011069,0.4820780672215022,0.0260137719969395,0.9818085230277136
R6_closed_high_expansion_high_friction,a150_mu060_g000,R6c,20,cold,3613,1.0,3613,0.4998616108497093,0.4911724838830124,0.0317521040550879,1.000000000000001
R6_closed_high_expansion_high_friction,a150_mu060_g000,R6c,20,hot,27388,0.01,274,0.5036496350364964,0.0456982117305429,0.0037239613639008,0.0909123969338935
R6_closed_high_expansion_high_friction,a150_mu060_g000,R6c,20,hot,27388,0.02,548,0.5109489051094891,0.0746837480124837,0.0225765157686489,0.1469967442542595
R6_closed_high_expansion_high_friction,a150_mu060_g000,R6c,20,hot,27388,0.05,1370,0.535036496350365,0.1376818352439208,0.0539974397765623,0.261149823009939
R6_closed_high_expansion_high_friction,a150_mu060_g000,R6c,20,hot,27388,0.1,2739,0.5469149324571011,0.2100936778629756,0.102758058885139,0.3908140134500737
R6_closed_high_expansion_high_friction,a150_mu060_g000,R6c,20,hot,27388,0.2,5478,0.5675428988682001,0.3136552548838821,0.2294891190503898,0.567411018874268
R6_closed_high_expansion_high_friction,a150_mu060_g000,R6c,20,hot,27388,0.4,10956,0.6023183643665572,0.4527876987438532,0.4370999650878622,0.7866847576184323
R6_closed_high_expansion_high_friction,a150_mu060_g000,R6c,20,hot,27388,0.8,21911,0.6629546802975674,0.5919844043520894,0.8199697428139183,0.9811742829922891
R6_closed_high_expansion_high_friction,a150_mu060_g000,R6c,20,hot,27388,1.0,27388,0.691872352855265,0.6069304518344979,0.9553124636331898,0.9999999999999916
R6_closed_high_expansion_high_friction,a150_mu060_g000,R6c,21,cold,3154,0.01,32,0.5,0.0267106292223525,0.0012406947890818,0.0536711775973089
R6_closed_high_expansion_high_friction,a150_mu060_g000,R6c,21,cold,3154,0.02,64,0.484375,0.0456437721919821,0.0012406947890818,0.0941787712840926
R6_closed_high_expansion_high_friction,a150_mu060_g000,R6c,21,cold,3154,0.05,158,0.4936708860759494,0.0937134368350047,0.0012406947890818,0.1908769092420399
R6_closed_high_expansion_high_friction,a150_mu060_g000,R6c,21,cold,3154,0.1,316,0.4873417721518987,0.1551591831092186,0.0020678246484698,0.3187607635596294
R6_closed_high_expansion_high_friction,a150_mu060_g000,R6c,21,cold,3154,0.2,631,0.4896988906497623,0.2517907972339993,0.0024813895781637,0.515513202580229
R6_closed_high_expansion_high_friction,a150_mu060_g000,R6c,21,cold,3154,0.4,1262,0.4920760697305864,0.3781968719905196,0.0045492142266335,0.7717226703404765
R6_closed_high_expansion_high_friction,a150_mu060_g000,R6c,21,cold,3154,0.8,2524,0.4885103011093502,0.4801255538989775,0.0115798180314309,0.98163175922888
R6_closed_high_expansion_high_friction,a150_mu060_g000,R6c,21,cold,3154,1.0,3154,0.4980976537729867,0.4895759180331932,0.0181968569065343,0.999999999999997
R6_closed_high_expansion_high_friction,a150_mu060_g000,R6c,21,hot,26122,0.01,262,0.5038167938931297,0.0472890915877079,0.0068283494231222,0.094060552349803
R6_closed_high_expansion_high_friction,a150_mu060_g000,R6c,21,hot,26122,0.02,523,0.51434034416826,0.0752119189366375,0.01189074640923,0.1471789953336203
R6_closed_high_expansion_high_friction,a150_mu060_g000,R6c,21,hot,26122,0.05,1307,0.531752104055088,0.1352000008682397,0.0426183188132799,0.2577478963001464
R6_closed_high_expansion_high_friction,a150_mu060_g000,R6c,21,hot,26122,0.1,2613,0.5411404515882128,0.2052923304035781,0.0885330821756534,0.3849068976578781
R6_closed_high_expansion_high_friction,a150_mu060_g000,R6c,21,hot,26122,0.2,5225,0.5546411483253588,0.3050016083438828,0.2075582764304214,0.5609782240080441
R6_closed_high_expansion_high_friction,a150_mu060_g000,R6c,21,hot,26122,0.4,10449,0.5964207101158006,0.4457354798652373,0.435130680480339,0.7826608538629752
R6_closed_high_expansion_high_friction,a150_mu060_g000,R6c,21,hot,26122,0.8,20898,0.6550387596899225,0.5852151146134545,0.7986814221803626,0.9810156619713684
R6_closed_high_expansion_high_friction,a150_mu060_g000,R6c,21,hot,26122,1.0,26122,0.6818390628588928,0.5998481576926394,0.9438427125029432,1.0000000000000109
R6_closed_high_expansion_high_friction,a150_mu060_g000,R6c,22,cold,3303,0.01,34,0.5,0.0289239743158428,0.0012195121951219,0.0583733940201233
R6_closed_high_expansion_high_friction,a150_mu060_g000,R6c,22,cold,3303,0.02,67,0.4776119402985074,0.0469867441232906,0.0012195121951219,0.0979685044307157
R6_closed_high_expansion_high_friction,a150_mu060_g000,R6c,22,cold,3303,0.05,166,0.4879518072289157,0.0940689812339715,0.0016260162601626,0.1930743769703554
R6_closed_high_expansion_high_friction,a150_mu060_g000,R6c,22,cold,3303,0.1,331,0.486404833836858,0.155849394621582,0.0016260162601626,0.3205721703843884
R6_closed_high_expansion_high_friction,a150_mu060_g000,R6c,22,cold,3303,0.2,661,0.4901664145234493,0.249946468391168,0.0032520325203252,0.5114209724661777
R6_closed_high_expansion_high_friction,a150_mu060_g000,R6c,22,cold,3303,0.4,1322,0.4894099848714069,0.3730914580150969,0.0052845528455284,0.7632529255819555
R6_closed_high_expansion_high_friction,a150_mu060_g000,R6c,22,cold,3303,0.8,2643,0.4930003783579266,0.4820053163710866,0.0199186991869918,0.9818583011514384
R6_closed_high_expansion_high_friction,a150_mu060_g000,R6c,22,cold,3303,1.0,3303,0.4974265818952467,0.4907525583454866,0.0223577235772357,0.999999999999999
R6_closed_high_expansion_high_friction,a150_mu060_g000,R6c,22,hot,27210,0.01,273,0.4981684981684982,0.0399911222029375,0.0015211794991809,0.0802590984925382
R6_closed_high_expansion_high_friction,a150_mu060_g000,R6c,22,hot,27210,0.02,545,0.5009174311926605,0.0677614588707514,0.0087760355721975,0.1354166580484775
R6_closed_high_expansion_high_friction,a150_mu060_g000,R6c,22,hot,27210,0.05,1361,0.5326965466568699,0.1344663217123363,0.0561666276620641,0.2560163968687045
R6_closed_high_expansion_high_friction,a150_mu060_g000,R6c,22,hot,27210,0.1,2721,0.5545755237045203,0.2120767941951741,0.1082377720571027,0.3909592587237019
R6_closed_high_expansion_high_friction,a150_mu060_g000,R6c,22,hot,27210,0.2,5442,0.5722160970231532,0.3192441936262724,0.2216241516498946,0.5730897627610069
R6_closed_high_expansion_high_friction,a150_mu060_g000,R6c,22,hot,27210,0.4,10884,0.6128261668504227,0.4631989520980502,0.4393868476480225,0.794193781085867
R6_closed_high_expansion_high_friction,a150_mu060_g000,R6c,22,hot,27210,0.8,21768,0.6686420433664094,0.5979392548812987,0.7982681956470864,0.9825273512800096
R6_closed_high_expansion_high_friction,a150_mu060_g000,R6c,22,hot,27210,1.0,27210,0.6928702682837192,0.6113702032200274,0.9455885794523754,0.9999999999999856
R6_closed_high_expansion_high_friction,a150_mu060_g000,R6c,23,cold,3074,0.01,31,0.4838709677419355,0.0255044952463163,0.0008510638297872,0.0528432422143653
R6_closed_high_expansion_high_friction,a150_mu060_g000,R6c,23,cold,3074,0.02,62,0.4677419354838709,0.0438981408710151,0.0012765957446808,0.0933994921915464
R6_closed_high_expansion_high_friction,a150_mu060_g000,R6c,23,cold,3074,0.05,154,0.487012987012987,0.0927558982860691,0.0012765957446808,0.1910092837914927
R6_closed_high_expansion_high_friction,a150_mu060_g000,R6c,23,cold,3074,0.1,308,0.4805194805194805,0.1538823336276295,0.002127659574468,0.3195962252197517
R6_closed_high_expansion_high_friction,a150_mu060_g000,R6c,23,cold,3074,0.2,615,0.4861788617886179,0.2491778502699363,0.0029787234042553,0.5129123940833891
R6_closed_high_expansion_high_friction,a150_mu060_g000,R6c,23,cold,3074,0.4,1230,0.4910569105691056,0.3786302677227496,0.0038297872340425,0.774048780418994
R6_closed_high_expansion_high_friction,a150_mu060_g000,R6c,23,cold,3074,0.8,2460,0.4910569105691056,0.4829498407105611,0.0170212765957446,0.9846316922673428
R6_closed_high_expansion_high_friction,a150_mu060_g000,R6c,23,cold,3074,1.0,3074,0.4980481457384515,0.4904715393549922,0.0263829787234042,1.0000000000000009
R6_closed_high_expansion_high_friction,a150_mu060_g000,R6c,23,hot,27150,0.01,272,0.5110294117647058,0.0517251522701639,0.0112164662349676,0.1019696453383987
R6_closed_high_expansion_high_friction,a150_mu060_g000,R6c,23,hot,27150,0.02,543,0.5285451197053407,0.0810265206071297,0.0188482886216466,0.1557902619426692
R6_closed_high_expansion_high_friction,a150_mu060_g000,R6c,23,hot,27150,0.05,1358,0.5449189985272459,0.1423949331060633,0.0454440333024976,0.2665261611789725
R6_closed_high_expansion_high_friction,a150_mu060_g000,R6c,23,hot,27150,0.1,2715,0.5440147329650092,0.2105616714020121,0.0955134135060129,0.3922188093525605
R6_closed_high_expansion_high_friction,a150_mu060_g000,R6c,23,hot,27150,0.2,5430,0.556537753222836,0.3097557380061518,0.2074468085106383,0.5669302136463649
R6_closed_high_expansion_high_friction,a150_mu060_g000,R6c,23,hot,27150,0.4,10860,0.5941988950276244,0.4482873212891941,0.4550185013876041,0.7875916053551233
R6_closed_high_expansion_high_friction,a150_mu060_g000,R6c,23,hot,27150,0.8,21720,0.6588858195211786,0.5865298710763623,0.8229648473635522,0.9815138649513186
R6_closed_high_expansion_high_friction,a150_mu060_g000,R6c,23,hot,27150,1.0,27150,0.6876611418047882,0.6011387991030108,0.9516651248843664,1.000000000000004
R6_closed_high_expansion_high_friction,a150_mu060_g000,R6c,24,cold,3245,0.01,33,0.4545454545454545,0.025191235942293,0.000821692686935,0.0551622496721447
R6_closed_high_expansion_high_friction,a150_mu060_g000,R6c,24,cold,3245,0.02,65,0.4923076923076923,0.0466558506114968,0.0012325390304026,0.0954359876230651
R6_closed_high_expansion_high_friction,a150_mu060_g000,R6c,24,cold,3245,0.05,163,0.4846625766871165,0.0942894836027396,0.0024650780608052,0.1950439925800806
R6_closed_high_expansion_high_friction,a150_mu060_g000,R6c,24,cold,3245,0.1,325,0.4861538461538461,0.1584323387224079,0.0028759244042728,0.3264881699342416
R6_closed_high_expansion_high_friction,a150_mu060_g000,R6c,24,cold,3245,0.2,649,0.4899845916795069,0.253240671717137,0.0032867707477403,0.5182618565542734
R6_closed_high_expansion_high_friction,a150_mu060_g000,R6c,24,cold,3245,0.4,1298,0.4930662557781202,0.3779013054258266,0.0036976170912078,0.7704931239536145
R6_closed_high_expansion_high_friction,a150_mu060_g000,R6c,24,cold,3245,0.8,2596,0.4880585516178736,0.4806616205772741,0.0176663927691043,0.9819875206380178
R6_closed_high_expansion_high_friction,a150_mu060_g000,R6c,24,cold,3245,1.0,3245,0.4970724191063174,0.489900519235119,0.0234182415776499,0.9999999999999978
R6_closed_high_expansion_high_friction,a150_mu060_g000,R6c,24,hot,27363,0.01,274,0.4963503649635036,0.0419738408217052,0.0050239513961911,0.0844516654363339
R6_closed_high_expansion_high_friction,a150_mu060_g000,R6c,24,hot,27363,0.02,548,0.5072992700729927,0.0698458755063809,0.0127351326089496,0.1382075160088731
R6_closed_high_expansion_high_friction,a150_mu060_g000,R6c,24,hot,27363,0.05,1369,0.5252008765522279,0.1310469733265531,0.0526930716205164,0.2523091295722848
R6_closed_high_expansion_high_friction,a150_mu060_g000,R6c,24,hot,27363,0.1,2737,0.5443916697113628,0.2055784892616128,0.107956536978619,0.3847456548911094
R6_closed_high_expansion_high_friction,a150_mu060_g000,R6c,24,hot,27363,0.2,5473,0.5697058286131921,0.3120332008885682,0.2254936324336955,0.5640818733488046
R6_closed_high_expansion_high_friction,a150_mu060_g000,R6c,24,hot,27363,0.4,10946,0.6099031609720446,0.4550629144893414,0.4430424114966702,0.7853447107791272
R6_closed_high_expansion_high_friction,a150_mu060_g000,R6c,24,hot,27363,0.8,21891,0.6673975606413595,0.5949046221301318,0.8067531253651128,0.9810531337930324
R6_closed_high_expansion_high_friction,a150_mu060_g000,R6c,24,hot,27363,1.0,27363,0.693783576362241,0.6097271749709097,0.9442691903259728,0.9999999999999972
R6_closed_high_expansion_high_friction,a150_mu060_g000,R6c,25,cold,3154,0.01,32,0.46875,0.0249875695978716,0.0012589173310952,0.0529884893719317
R6_closed_high_expansion_high_friction,a150_mu060_g000,R6c,25,cold,3154,0.02,64,0.46875,0.0439588773198754,0.0012589173310952,0.0932292197074373
R6_closed_high_expansion_high_friction,a150_mu060_g000,R6c,25,cold,3154,0.05,158,0.4873417721518987,0.0910005099848857,0.0016785564414603,0.1870208301309189
R6_closed_high_expansion_high_friction,a150_mu060_g000,R6c,25,cold,3154,0.1,316,0.4746835443037974,0.1489776604432446,0.0016785564414603,0.3120025916313493
R6_closed_high_expansion_high_friction,a150_mu060_g000,R6c,25,cold,3154,0.2,631,0.491283676703645,0.2474481521022912,0.0029374737725556,0.5053244234193106
R6_closed_high_expansion_high_friction,a150_mu060_g000,R6c,25,cold,3154,0.4,1262,0.4920760697305864,0.3730108359264872,0.0067142257658413,0.7606942548714075
R6_closed_high_expansion_high_friction,a150_mu060_g000,R6c,25,cold,3154,0.8,2524,0.491283676703645,0.481303911439318,0.0121695342005874,0.9817908442950216
R6_closed_high_expansion_high_friction,a150_mu060_g000,R6c,25,cold,3154,1.0,3154,0.4961953075459733,0.4900138184901802,0.014687368862778,1.000000000000001
R6_closed_high_expansion_high_friction,a150_mu060_g000,R6c,25,hot,26252,0.01,263,0.5095057034220533,0.042165758947365,0.0047579398120613,0.0831256867799152
R6_closed_high_expansion_high_friction,a150_mu060_g000,R6c,25,hot,26252,0.02,526,0.5152091254752852,0.0693443361059923,0.0196265017247531,0.135346834595153
R6_closed_high_expansion_high_friction,a150_mu060_g000,R6c,25,hot,26252,0.05,1313,0.5316070068545317,0.1302198663717019,0.0463899131675984,0.2476022736355155
R6_closed_high_expansion_high_friction,a150_mu060_g000,R6c,25,hot,26252,0.1,2626,0.5331302361005331,0.1998050404548072,0.0936124658023076,0.3778221773623502
R6_closed_high_expansion_high_friction,a150_mu060_g000,R6c,25,hot,26252,0.2,5251,0.564083031803466,0.3073531159179741,0.2275484715118353,0.5593747305575375
R6_closed_high_expansion_high_friction,a150_mu060_g000,R6c,25,hot,26252,0.4,10501,0.6044186267974478,0.4512872707617488,0.4420126085405019,0.7835356118029735
R6_closed_high_expansion_high_friction,a150_mu060_g000,R6c,25,hot,26252,0.8,21002,0.6627464051042757,0.5919137394562847,0.7937433091471393,0.9812276109783868
R6_closed_high_expansion_high_friction,a150_mu060_g000,R6c,25,hot,26252,1.0,26252,0.6871857382294683,0.6062461815856036,0.9408825978351374,1.0000000000000022
R6_closed_high_expansion_high_friction,a150_mu060_g000,R6c,26,cold,3443,0.01,35,0.4857142857142857,0.0259572595753351,0.0011511895625479,0.0534879397387013
R6_closed_high_expansion_high_friction,a150_mu060_g000,R6c,26,cold,3443,0.02,69,0.4782608695652174,0.0449900960867448,0.0015349194167306,0.093961406842312
R6_closed_high_expansion_high_friction,a150_mu060_g000,R6c,26,cold,3443,0.05,173,0.4797687861271676,0.0937943996864895,0.0019186492709132,0.1953687719911662
R6_closed_high_expansion_high_friction,a150_mu060_g000,R6c,26,cold,3443,0.1,345,0.4869565217391304,0.1598913404868009,0.0019186492709132,0.3288006465432362
R6_closed_high_expansion_high_friction,a150_mu060_g000,R6c,26,cold,3443,0.2,689,0.4876632801161103,0.2553883666634416,0.0026861089792785,0.52390394084645
R6_closed_high_expansion_high_friction,a150_mu060_g000,R6c,26,cold,3443,0.4,1378,0.4912917271407837,0.3785891306235927,0.0057559478127398,0.7726123189681621
R6_closed_high_expansion_high_friction,a150_mu060_g000,R6c,26,cold,3443,0.8,2755,0.4889292196007259,0.4807085349913153,0.0276285495011511,0.9818375849728362
R6_closed_high_expansion_high_friction,a150_mu060_g000,R6c,26,cold,3443,1.0,3443,0.4960790008713331,0.4897511103338729,0.0391404451266308,0.9999999999999996
R6_closed_high_expansion_high_friction,a150_mu060_g000,R6c,26,hot,26038,0.01,261,0.5019157088122606,0.0433439327938806,0.0022781774580335,0.0863439594702461
R6_closed_high_expansion_high_friction,a150_mu060_g000,R6c,26,hot,26038,0.02,521,0.5067178502879078,0.0716913937983507,0.0125899280575539,0.1417540301515818
R6_closed_high_expansion_high_friction,a150_mu060_g000,R6c,26,hot,26038,0.05,1302,0.5284178187403994,0.134458612220976,0.0465227817745803,0.25742567108756
R6_closed_high_expansion_high_friction,a150_mu060_g000,R6c,26,hot,26038,0.1,2604,0.5426267281105991,0.2086961167926571,0.1017985611510791,0.3908658324985071
R6_closed_high_expansion_high_friction,a150_mu060_g000,R6c,26,hot,26038,0.2,5208,0.5729646697388633,0.3179479794556935,0.2170263788968825,0.5725160444677154
R6_closed_high_expansion_high_friction,a150_mu060_g000,R6c,26,hot,26038,0.4,10416,0.6049347158218126,0.4584702361103406,0.43189448441247,0.7939934451615452
R6_closed_high_expansion_high_friction,a150_mu060_g000,R6c,26,hot,26038,0.8,20831,0.6607940089290001,0.5920651579477246,0.7955635491606715,0.9825536727375378
R6_closed_high_expansion_high_friction,a150_mu060_g000,R6c,26,hot,26038,1.0,26038,0.6867654965819188,0.6054558420827945,0.9464028776978416,0.999999999999993
R6_closed_high_expansion_high_friction,a150_mu060_g000,R6c,27,cold,3161,0.01,32,0.46875,0.0245495917585927,0.0008244023083264,0.0522753146977189
R6_closed_high_expansion_high_friction,a150_mu060_g000,R6c,27,cold,3161,0.02,64,0.484375,0.0453747508631233,0.0012366034624896,0.0939804221319853
R6_closed_high_expansion_high_friction,a150_mu060_g000,R6c,27,cold,3161,0.05,159,0.4842767295597484,0.0940992974892412,0.0020610057708161,0.1943214271682529
R6_closed_high_expansion_high_friction,a150_mu060_g000,R6c,27,cold,3161,0.1,317,0.4826498422712933,0.1567417477557048,0.0041220115416323,0.3243925199873428
R6_closed_high_expansion_high_friction,a150_mu060_g000,R6c,27,cold,3161,0.2,633,0.4897314375987361,0.2570868351246542,0.0070074196207749,0.5258156715050706
R6_closed_high_expansion_high_friction,a150_mu060_g000,R6c,27,cold,3161,0.4,1265,0.4924901185770751,0.384222309142921,0.0086562242374278,0.782828492792319
R6_closed_high_expansion_high_friction,a150_mu060_g000,R6c,27,cold,3161,0.8,2529,0.4867536575721629,0.4825519399500976,0.0115416323165704,0.9846905777675616
R6_closed_high_expansion_high_friction,a150_mu060_g000,R6c,27,cold,3161,1.0,3161,0.4979436887061056,0.4904306816906736,0.0115416323165704,0.9999999999999984
R6_closed_high_expansion_high_friction,a150_mu060_g000,R6c,27,hot,25528,0.01,256,0.49609375,0.0461296261010779,0.00893601811033,0.0928182930347408
R6_closed_high_expansion_high_friction,a150_mu060_g000,R6c,27,hot,25528,0.02,511,0.5205479452054794,0.0757983414372199,0.0184677707613487,0.1468598345473212
R6_closed_high_expansion_high_friction,a150_mu060_g000,R6c,27,hot,25528,0.05,1277,0.5270164447924823,0.1346017357364145,0.0459907065411652,0.257252538418105
R6_closed_high_expansion_high_friction,a150_mu060_g000,R6c,27,hot,25528,0.1,2553,0.5444575009792401,0.2069388156243638,0.0907899440009531,0.3859498587154591
R6_closed_high_expansion_high_friction,a150_mu060_g000,R6c,27,hot,25528,0.2,5106,0.5616921269095182,0.3101347204232396,0.2091028237817228,0.5644133863699726
R6_closed_high_expansion_high_friction,a150_mu060_g000,R6c,27,hot,25528,0.4,10212,0.5968468468468469,0.4500318496618425,0.4266650780412248,0.7869372741235136
R6_closed_high_expansion_high_friction,a150_mu060_g000,R6c,27,hot,25528,0.8,20423,0.6517162023209127,0.5860385645093608,0.7935184081973072,0.981854224113817
R6_closed_high_expansion_high_friction,a150_mu060_g000,R6c,27,hot,25528,1.0,25528,0.6790582889376371,0.5998943159000697,0.94006910520672,1.0000000000000009
R6_closed_high_expansion_high_friction,a150_mu060_g000,R6c,28,cold,3179,0.01,32,0.46875,0.0275425845209126,0.0012815036309269,0.0585263587874269
R6_closed_high_expansion_high_friction,a150_mu060_g000,R6c,28,cold,3179,0.02,64,0.484375,0.0485500467971196,0.0012815036309269,0.1005911144621659
R6_closed_high_expansion_high_friction,a150_mu060_g000,R6c,28,cold,3179,0.05,159,0.4842767295597484,0.0969568537057444,0.0017086715079026,0.2004708823836136
R6_closed_high_expansion_high_friction,a150_mu060_g000,R6c,28,cold,3179,0.1,318,0.4811320754716981,0.1602609096450918,0.0025630072618539,0.3327318393185908
R6_closed_high_expansion_high_friction,a150_mu060_g000,R6c,28,cold,3179,0.2,636,0.4874213836477987,0.2598411490729707,0.0038445108927808,0.5332472116288062
R6_closed_high_expansion_high_friction,a150_mu060_g000,R6c,28,cold,3179,0.4,1272,0.490566037735849,0.3837266633341818,0.0068346860316104,0.7834314135630392
R6_closed_high_expansion_high_friction,a150_mu060_g000,R6c,28,cold,3179,0.8,2544,0.4897798742138364,0.482311112629416,0.0153780435711234,0.9843668744861688
R6_closed_high_expansion_high_friction,a150_mu060_g000,R6c,28,cold,3179,1.0,3179,0.5001572821642026,0.4900429906031343,0.0187953865869286,0.9999999999999982
R6_closed_high_expansion_high_friction,a150_mu060_g000,R6c,28,hot,25825,0.01,259,0.4980694980694981,0.043404755760834,0.0030787448194197,0.0871048435092772
R6_closed_high_expansion_high_friction,a150_mu060_g000,R6c,28,hot,25825,0.02,517,0.5067698259187621,0.0713275551225463,0.0149200710479573,0.1411875708561804
R6_closed_high_expansion_high_friction,a150_mu060_g000,R6c,28,hot,25825,0.05,1292,0.5170278637770898,0.1317261076673074,0.0499703966844286,0.256857961915958
R6_closed_high_expansion_high_friction,a150_mu060_g000,R6c,28,hot,25825,0.1,2583,0.5385210994967092,0.2069107045304531,0.1072824156305506,0.3910406349043951
R6_closed_high_expansion_high_friction,a150_mu060_g000,R6c,28,hot,25825,0.2,5165,0.5674733785091965,0.3144303133894596,0.2086441681468324,0.5716213123018513
R6_closed_high_expansion_high_friction,a150_mu060_g000,R6c,28,hot,25825,0.4,10330,0.5984511132623427,0.4528702488629453,0.4255772646536412,0.7922989355180214
R6_closed_high_expansion_high_friction,a150_mu060_g000,R6c,28,hot,25825,0.8,20660,0.6509680542110358,0.5848737080006118,0.8101835405565423,0.9819850211275504
R6_closed_high_expansion_high_friction,a150_mu060_g000,R6c,28,hot,25825,1.0,25825,0.6798838334946757,0.5989170638341482,0.9469508584961516,1.0000000000000042
R6_closed_high_expansion_high_friction,a150_mu060_g000,R6c,29,cold,2927,0.01,30,0.4666666666666667,0.0246083365896161,0.0008972633467922,0.0523934264071649
R6_closed_high_expansion_high_friction,a150_mu060_g000,R6c,29,cold,2927,0.02,59,0.4576271186440678,0.0423402079765796,0.0013458950201884,0.0917358670031477
R6_closed_high_expansion_high_friction,a150_mu060_g000,R6c,29,cold,2927,0.05,147,0.4829931972789115,0.0926916113188737,0.0013458950201884,0.1920283452790305
R6_closed_high_expansion_high_friction,a150_mu060_g000,R6c,29,cold,2927,0.1,293,0.4914675767918088,0.1576349344030217,0.0017945266935845,0.3217750251433118
R6_closed_high_expansion_high_friction,a150_mu060_g000,R6c,29,cold,2927,0.2,586,0.4863481228668942,0.2500615747226531,0.0031404217137729,0.5139378790964166
R6_closed_high_expansion_high_friction,a150_mu060_g000,R6c,29,cold,2927,0.4,1171,0.4893253629376601,0.3733035676085348,0.0080753701211305,0.764007915247943
R6_closed_high_expansion_high_friction,a150_mu060_g000,R6c,29,cold,2927,0.8,2342,0.4906063193851409,0.4807170768907802,0.0269179004037685,0.9819297755246832
R6_closed_high_expansion_high_friction,a150_mu060_g000,R6c,29,cold,2927,1.0,2927,0.4977792962077212,0.4897980702809482,0.0305069537909376,0.999999999999998
R6_closed_high_expansion_high_friction,a150_mu060_g000,R6c,29,hot,25041,0.01,251,0.50199203187251,0.0480370874195175,0.0096176965616734,0.0958376480933554
R6_closed_high_expansion_high_friction,a150_mu060_g000,R6c,29,hot,25041,0.02,501,0.5149700598802395,0.0763886465856528,0.0177927386390959,0.1496385265212168
R6_closed_high_expansion_high_friction,a150_mu060_g000,R6c,29,hot,25041,0.05,1253,0.5251396648044693,0.1344100300110901,0.0435200769415724,0.2589450680867845
R6_closed_high_expansion_high_friction,a150_mu060_g000,R6c,29,hot,25041,0.1,2505,0.5313373253493014,0.2027825178472357,0.0867997114691031,0.3863150640960042
R6_closed_high_expansion_high_friction,a150_mu060_g000,R6c,29,hot,25041,0.2,5009,0.5530045917348773,0.3045144775771967,0.2120702091849002,0.5635937158709045
R6_closed_high_expansion_high_friction,a150_mu060_g000,R6c,29,hot,25041,0.4,10017,0.5883997204751922,0.4431275474877026,0.4358018754508295,0.786897450603081
R6_closed_high_expansion_high_friction,a150_mu060_g000,R6c,29,hot,25041,0.8,20033,0.6469325612738981,0.5786789820897847,0.8010339023803799,0.9816021851870228
R6_closed_high_expansion_high_friction,a150_mu060_g000,R6c,29,hot,25041,1.0,25041,0.674893175192684,0.5928350002062944,0.9491464294301516,1.000000000000004
R6_closed_high_expansion_high_friction,a150_mu060_g000,R6c,30,cold,3038,0.01,31,0.4838709677419355,0.0247835632860047,0.0008580008580008,0.0514269789365807
R6_closed_high_expansion_high_friction,a150_mu060_g000,R6c,30,cold,3038,0.02,61,0.4918032786885246,0.0446855864106482,0.0012870012870012,0.091456474309555
R6_closed_high_expansion_high_friction,a150_mu060_g000,R6c,30,cold,3038,0.05,152,0.4868421052631579,0.0920677078685742,0.0012870012870012,0.1895950313802681
R6_closed_high_expansion_high_friction,a150_mu060_g000,R6c,30,cold,3038,0.1,304,0.4901315789473684,0.1562871712025794,0.0017160017160017,0.3202173890790486
R6_closed_high_expansion_high_friction,a150_mu060_g000,R6c,30,cold,3038,0.2,608,0.4851973684210526,0.2493543542808201,0.0021450021450021,0.5139366099401138
R6_closed_high_expansion_high_friction,a150_mu060_g000,R6c,30,cold,3038,0.4,1216,0.4868421052631579,0.3737830441355786,0.0034320034320034,0.7670796773904253
R6_closed_high_expansion_high_friction,a150_mu060_g000,R6c,30,cold,3038,0.8,2431,0.4895104895104895,0.4801778218854404,0.0124410124410124,0.9814739366171664
R6_closed_high_expansion_high_friction,a150_mu060_g000,R6c,30,cold,3038,1.0,3038,0.4976958525345622,0.4896591350738782,0.0137280137280137,1.0000000000000002
R6_closed_high_expansion_high_friction,a150_mu060_g000,R6c,30,hot,26990,0.01,270,0.5037037037037037,0.0418467948403461,0.0063098854872633,0.0832911149958302
R6_closed_high_expansion_high_friction,a150_mu060_g000,R6c,30,hot,26990,0.02,540,0.5037037037037037,0.0683867236009237,0.009464828230895,0.1359484147566058
R6_closed_high_expansion_high_friction,a150_mu060_g000,R6c,30,hot,26990,0.05,1350,0.5281481481481481,0.1310120826308362,0.0536340266417387,0.25097978215416
R6_closed_high_expansion_high_friction,a150_mu060_g000,R6c,30,hot,26990,0.1,2699,0.5394590589107077,0.2030194726201825,0.1043468100023369,0.3818360595783592
R6_closed_high_expansion_high_friction,a150_mu060_g000,R6c,30,hot,26990,0.2,5398,0.5685439051500556,0.311123435224071,0.2322972657162888,0.5630098272196052
R6_closed_high_expansion_high_friction,a150_mu060_g000,R6c,30,hot,26990,0.4,10796,0.6056872915894775,0.4544436633489795,0.436667445664875,0.7870495588937939
R6_closed_high_expansion_high_friction,a150_mu060_g000,R6c,30,hot,26990,0.8,21592,0.6625138940348277,0.5921250273164188,0.8070810937134845,0.980909125306625
R6_closed_high_expansion_high_friction,a150_mu060_g000,R6c,30,hot,26990,1.0,26990,0.6891811782141534,0.6070250220332792,0.9498714652956298,1.0
